41454
1.9986ms
25752
0s
 (1, 4, 1, 7, 10, 4, 10, 6, 3, 7, 2, ) = 25752 [2468, 636, 1810, 2647, 3477, 2514, 5281, 2776, ]
     (8, 3, ) = 2468 [960, 913, 2468, 1734, 1181, 2360, 1136, ]
         (7, 5, 4, ) = 960 [474, 451, 633, 408, 552, ]
             (3, 2, 3, 5, 4, ) = 474 [132, 42, 216, ]
                 (1, 1, 1, 1, 2, ) = 132 [33, ]
                     (1, 8, 1, 5, 3, 6, 2, 7, ) = 33 []
                 (2, 3, 1, 2, 3, 2, ) = 42 [42, ]
                     (4, 1, 1, 6, 4, 1, 7, 9, 9, ) = 42 []
                 (3, 1, 3, 3, 1, 1, 1, ) = 216 [54, ]
                     (8, 3, 8, 2, 1, 7, 8, 5, 6, 6, ) = 54 []
             (1, 4, 2, 1, 2, 3, 5, ) = 451 [92, 78, 111, ]
                 (1, 1, 1, 2, 2, 1, 3, 3, 2, ) = 92 [23, ]
                     (2, 8, 1, 2, 9, 1, ) = 23 []
                 (2, 3, 1, 2, 3, 2, 1, 1, ) = 78 [26, ]
                     (2, 4, 2, 9, 1, 8, ) = 26 []
                 (1, 2, 1, 1, 2, ) = 111 [37, ]
                     (4, 2, 5, 5, 2, 3, 3, 3, 1, 1, 8, ) = 37 []
             (5, 1, 2, 2, 1, 5, 3, ) = 633 [144, 120, 105, ]
                 (2, 2, 3, 2, 1, 1, 1, 2, ) = 144 [48, ]
                     (3, 1, 8, 6, 1, 7, 4, 3, 7, 2, 6, ) = 48 []
                 (1, 1, 3, 1, 1, 2, ) = 120 [30, ]
                     (5, 9, 1, 1, 1, 7, 6, ) = 30 []
                 (1, 2, 3, 3, 3, 1, 1, 3, 2, ) = 105 [35, ]
                     (9, 1, 4, 1, 2, 1, 3, 6, 6, 2, ) = 35 []
             (2, 2, 4, 2, 5, ) = 408 [140, 136, 72, ]
                 (1, 2, 1, 1, 1, 3, ) = 140 [35, ]
                     (1, 9, 5, 1, 7, 3, 2, 7, ) = 35 []
                 (2, 1, 1, 2, 3, 2, 2, 1, 1, ) = 136 [34, ]
                     (9, 3, 2, 4, 2, 7, 4, 1, 2, ) = 34 []
                 (1, 2, 3, 3, 1, 2, 2, ) = 72 [36, ]
                     (2, 8, 1, 1, 8, 8, 2, 1, 1, 4, ) = 36 []
             (1, 5, 2, 1, 2, ) = 552 [144, 132, 102, ]
                 (2, 2, 1, 2, 1, 3, 1, 1, ) = 144 [36, ]
                     (4, 8, 5, 1, 2, 6, 1, 1, 2, 6, ) = 36 []
                 (1, 1, 1, 2, 3, ) = 132 [44, ]
                     (1, 7, 1, 4, 3, 8, 4, 9, 7, ) = 44 []
                 (1, 3, 1, 3, 1, ) = 102 [34, ]
                     (4, 8, 1, 5, 9, 3, 3, 1, ) = 34 []
         (1, 4, 3, 5, 4, ) = 913 [296, 264, 193, 212, ]
             (3, 3, 2, 5, ) = 296 [36, 104, 96, ]
                 (1, 1, 3, 3, 3, 2, 2, ) = 36 [18, ]
                     (1, 3, 8, 1, 4, 1, ) = 18 []
                 (2, 2, 1, 2, 2, 1, ) = 104 [52, ]
                     (9, 4, 9, 7, 1, 4, 9, 4, 5, ) = 52 []
                 (1, 1, 2, 1, 3, 3, ) = 96 [32, ]
                     (3, 2, 5, 1, 1, 2, 1, 6, 9, 2, ) = 32 []
             (5, 1, 4, 1, ) = 264 [132, 105, 153, ]
                 (1, 1, 1, 1, 3, 1, 2, 2, 1, ) = 132 [22, ]
                     (3, 3, 8, 1, 6, 1, ) = 22 []
                 (2, 1, 2, 1, 1, 3, 2, ) = 105 [35, ]
                     (7, 3, 5, 3, 8, 8, 1, ) = 35 []
                 (3, 1, 1, 2, 1, 3, 2, ) = 153 [51, ]
                     (7, 6, 3, 3, 6, 1, 5, 6, 9, 5, ) = 51 []
             (1, 4, 3, 5, 3, ) = 193 [111, 144, 41, ]
                 (2, 1, 3, 2, 2, 1, 3, 2, 1, ) = 111 [37, ]
                     (6, 3, 7, 4, 3, 4, 1, 6, 3, ) = 37 []
                 (2, 1, 3, 1, 1, ) = 144 [48, ]
                     (2, 4, 8, 8, 8, 1, 7, 8, 2, ) = 48 []
                 (3, 2, 2, 2, 2, 1, ) = 41 [41, ]
                     (8, 9, 1, 5, 4, 7, 7, ) = 41 []
             (4, 4, 2, 5, 2, 3, 4, ) = 212 [184, 50, 112, ]
                 (1, 2, 1, 1, 1, ) = 184 [46, ]
                     (3, 5, 5, 3, 5, 1, 8, 9, 7, ) = 46 []
                 (2, 2, 2, 1, 3, 1, 2, 2, ) = 50 [25, ]
                     (2, 1, 5, 3, 7, 3, 4, ) = 25 []
                 (2, 1, 1, 3, 2, 2, 2, 1, 1, ) = 112 [28, ]
                     (5, 1, 3, 9, 6, 4, ) = 28 []
         (1, 6, 4, 2, 4, ) = 2468 [711, 485, 824, 636, 228, ]
             (5, 1, 2, 5, 1, 1, 2, ) = 711 [125, 168, 72, ]
                 (1, 1, 1, 1, 1, ) = 125 [25, ]
                     (1, 8, 2, 5, 1, 8, ) = 25 []
                 (2, 1, 2, 1, 3, 3, 1, 2, ) = 168 [56, ]
                     (9, 6, 5, 9, 6, 1, 3, 4, 7, 6, ) = 56 []
                 (3, 3, 3, 1, 1, ) = 72 [36, ]
                     (9, 1, 3, 7, 1, 1, 1, 5, 2, 6, ) = 36 []
             (2, 1, 3, 5, 2, ) = 485 [105, 138, 104, ]
                 (3, 2, 1, 1, 2, 1, ) = 105 [35, ]
                     (8, 9, 5, 6, 2, 1, 4, ) = 35 []
                 (1, 1, 1, 2, 2, ) = 138 [46, ]
                     (1, 6, 7, 2, 4, 1, 4, 3, 9, 9, ) = 46 []
                 (2, 1, 1, 1, 3, 1, 2, ) = 104 [26, ]
                     (2, 8, 3, 4, 3, 1, 1, 2, 2, ) = 26 []
             (2, 1, 5, 5, 3, 1, ) = 824 [322, 96, 84, ]
                 (1, 1, 1, 1, 1, 1, 1, 3, ) = 322 [46, ]
                     (7, 6, 8, 3, 8, 2, 7, 3, 1, 1, ) = 46 []
                 (3, 2, 1, 1, 3, ) = 96 [48, ]
                     (8, 8, 1, 9, 7, 8, 1, 6, ) = 48 []
                 (3, 3, 1, 1, 2, 1, ) = 84 [28, ]
                     (7, 3, 1, 1, 9, 7, ) = 28 []
             (5, 3, 2, 2, ) = 636 [36, 282, 72, ]
                 (3, 1, 2, 1, 2, 3, ) = 36 [18, ]
                     (4, 5, 1, 2, 4, 2, ) = 18 []
                 (1, 2, 1, 1, 1, 1, 1, ) = 282 [47, ]
                     (5, 9, 2, 4, 9, 7, 7, 3, 1, ) = 47 []
                 (2, 2, 3, 1, 3, 1, 3, 3, 3, ) = 72 [36, ]
                     (4, 2, 1, 2, 7, 4, 8, 2, 6, ) = 36 []
             (4, 5, 1, 3, 4, 1, ) = 228 [75, 135, 78, ]
                 (1, 3, 1, 1, 2, ) = 75 [25, ]
                     (7, 7, 3, 3, 1, 3, 1, ) = 25 []
                 (3, 2, 1, 1, 3, 1, ) = 135 [45, ]
                     (5, 2, 1, 5, 4, 4, 7, 1, 9, 7, ) = 45 []
                 (1, 3, 3, 3, 1, 3, 1, 2, ) = 78 [26, ]
                     (1, 3, 7, 6, 2, 7, ) = 26 []
         (1, 1, 6, 2, 4, ) = 1734 [580, 300, 510, 274, 268, ]
             (1, 4, 2, 3, 2, 2, 3, ) = 580 [100, 88, 108, ]
                 (1, 1, 2, 1, 3, 2, 1, ) = 100 [25, ]
                     (4, 3, 1, 1, 5, 7, 4, ) = 25 []
                 (1, 2, 2, 2, 3, 1, 2, ) = 88 [44, ]
                     (2, 3, 9, 7, 2, 9, 1, 4, 7, ) = 44 []
                 (1, 3, 3, 1, 2, ) = 108 [54, ]
                     (3, 2, 1, 3, 6, 5, 9, 5, 4, 7, 9, ) = 54 []
             (2, 5, 1, 3, 2, 2, 4, ) = 300 [43, 72, 41, ]
                 (2, 3, 2, 3, 1, 2, ) = 43 [43, ]
                     (9, 1, 9, 7, 6, 3, 8, ) = 43 []
                 (3, 2, 2, 2, 2, 1, 1, 2, 3, ) = 72 [36, ]
                     (8, 7, 3, 3, 7, 7, 1, ) = 36 []
                 (1, 3, 3, 2, 2, 3, ) = 41 [41, ]
                     (3, 3, 3, 8, 4, 2, 1, 8, 7, 2, ) = 41 []
             (2, 1, 1, 2, ) = 510 [132, 123, 66, ]
                 (2, 2, 1, 2, 1, 3, 3, 1, 1, ) = 132 [33, ]
                     (4, 7, 6, 3, 3, 1, 3, 5, 1, ) = 33 []
                 (2, 1, 1, 3, 3, 3, 1, ) = 123 [41, ]
                     (3, 1, 7, 2, 2, 4, 9, 7, 6, ) = 41 []
                 (2, 1, 2, 3, 1, ) = 66 [33, ]
                     (7, 7, 7, 8, 3, 1, ) = 33 []
             (1, 5, 4, 5, 2, 3, 1, ) = 274 [44, 30, 156, ]
                 (1, 3, 3, 3, 1, ) = 44 [22, ]
                     (1, 3, 7, 5, 5, 1, ) = 22 []
                 (3, 1, 1, 1, 3, 2, 2, ) = 30 [10, ]
                     (4, 2, 1, 1, 1, 1, ) = 10 []
                 (3, 3, 1, 1, 3, 1, 1, 2, ) = 156 [39, ]
                     (1, 2, 1, 4, 1, 3, 7, 8, 5, 7, ) = 39 []
             (5, 2, 1, 2, 2, ) = 268 [64, 68, 92, ]
                 (2, 1, 1, 3, 2, ) = 64 [32, ]
                     (2, 6, 4, 7, 6, 2, 1, 4, ) = 32 []
                 (3, 1, 1, 1, 1, ) = 68 [17, ]
                     (2, 7, 1, 2, 4, 1, ) = 17 []
                 (3, 2, 2, 1, 1, 2, 2, 3, ) = 92 [46, ]
                     (8, 4, 7, 7, 2, 9, 8, 1, ) = 46 []
         (4, 7, 3, ) = 1181 [351, 336, 774, 407, 513, ]
             (4, 4, 3, 2, 1, 5, 3, ) = 351 [51, 164, 68, ]
                 (2, 1, 2, 2, 2, 2, 2, ) = 51 [51, ]
                     (2, 9, 7, 6, 1, 1, 1, 3, 7, 6, 8, ) = 51 []
                 (1, 1, 2, 1, 3, 3, 1, 2, 3, ) = 164 [41, ]
                     (1, 3, 8, 1, 4, 5, 4, 6, 6, 3, ) = 41 []
                 (2, 3, 2, 3, 2, 1, 1, ) = 68 [34, ]
                     (1, 1, 2, 7, 2, 9, 9, 3, ) = 34 []
             (3, 3, 3, 4, 5, ) = 336 [190, 145, 112, ]
                 (1, 2, 1, 1, 1, 3, 1, ) = 190 [38, ]
                     (7, 4, 9, 3, 5, 1, 1, 1, 5, 2, ) = 38 []
                 (3, 1, 2, 3, 1, 1, 1, 3, 1, ) = 145 [29, ]
                     (6, 7, 7, 2, 6, 1, ) = 29 []
                 (1, 1, 3, 3, 2, 3, ) = 112 [56, ]
                     (9, 7, 4, 3, 1, 5, 5, 7, 7, 5, 3, ) = 56 []
             (1, 3, 1, 1, 3, ) = 774 [196, 66, 93, ]
                 (2, 2, 1, 1, 1, 2, 1, 3, ) = 196 [49, ]
                     (6, 4, 4, 9, 4, 1, 8, 5, 1, 7, ) = 49 []
                 (1, 3, 1, 2, 2, 3, 3, 2, ) = 66 [33, ]
                     (1, 1, 4, 9, 8, 2, 8, ) = 33 []
                 (3, 3, 1, 1, 2, 1, ) = 93 [31, ]
                     (5, 4, 5, 7, 1, 4, 2, 3, ) = 31 []
             (2, 2, 5, 1, 2, 2, 3, ) = 407 [164, 27, 135, ]
                 (2, 3, 1, 1, 3, 1, 2, 1, ) = 164 [41, ]
                     (6, 1, 3, 5, 2, 5, 6, 8, 3, 2, ) = 41 []
                 (1, 3, 2, 3, 3, ) = 27 [27, ]
                     (7, 9, 2, 2, 1, 6, ) = 27 []
                 (2, 3, 1, 1, 2, 1, 3, 3, ) = 135 [45, ]
                     (9, 3, 2, 4, 5, 1, 4, 8, 6, 2, 1, ) = 45 []
             (2, 3, 4, 5, 4, 1, 5, ) = 513 [153, 124, 236, ]
                 (3, 1, 2, 2, 1, 3, 1, 3, 2, ) = 153 [51, ]
                     (5, 1, 1, 6, 5, 7, 7, 5, 8, 6, ) = 51 []
                 (2, 2, 1, 1, 1, 1, 3, 3, 2, ) = 124 [31, ]
                     (1, 6, 8, 5, 7, 4, ) = 31 []
                 (1, 3, 3, 1, 3, 1, 1, 2, 3, ) = 236 [59, ]
                     (3, 3, 6, 1, 5, 4, 7, 6, 7, 9, 8, ) = 59 []
         (1, 3, 3, 2, 7, ) = 2360 [856, 368, 568, 120, 453, ]
             (1, 3, 1, 3, ) = 856 [224, 41, 204, ]
                 (3, 1, 1, 2, 2, 3, 1, 1, 3, ) = 224 [56, ]
                     (6, 8, 5, 9, 1, 2, 6, 7, 6, 1, 5, ) = 56 []
                 (1, 2, 2, 3, 2, ) = 41 [41, ]
                     (6, 1, 5, 6, 4, 7, 2, 5, 3, 2, ) = 41 []
                 (2, 2, 2, 1, 1, 2, 1, 3, 1, ) = 204 [51, ]
                     (5, 2, 1, 2, 7, 9, 9, 1, 9, 6, ) = 51 []
             (1, 3, 5, 3, 2, 4, 3, ) = 368 [108, 62, 66, ]
                 (1, 1, 3, 2, 1, 1, 2, 3, ) = 108 [27, ]
                     (2, 5, 8, 2, 1, 9, ) = 27 []
                 (3, 2, 3, 1, 1, ) = 62 [31, ]
                     (9, 7, 3, 3, 8, 1, ) = 31 []
                 (1, 3, 1, 3, 3, 2, 2, ) = 66 [33, ]
                     (2, 2, 1, 4, 2, 4, 6, 6, 6, ) = 33 []
             (2, 2, 3, 3, ) = 568 [92, 144, 140, ]
                 (2, 1, 3, 2, 1, ) = 92 [46, ]
                     (5, 1, 5, 6, 1, 1, 9, 9, 8, 1, ) = 46 []
                 (3, 3, 1, 2, 3, 1, 1, 3, 3, ) = 144 [48, ]
                     (4, 6, 9, 7, 8, 1, 8, 3, 1, 1, ) = 48 []
                 (3, 2, 3, 3, 3, 1, 1, 1, 1, ) = 140 [35, ]
                     (2, 4, 7, 1, 3, 6, 3, 1, 1, 7, ) = 35 []
             (2, 2, 3, 5, ) = 120 [112, 33, 54, ]
                 (1, 3, 2, 2, 1, 1, 1, 3, ) = 112 [28, ]
                     (4, 1, 8, 1, 9, 5, ) = 28 []
                 (2, 3, 2, 1, 2, ) = 33 [33, ]
                     (1, 2, 6, 5, 1, 9, 9, ) = 33 []
                 (3, 2, 1, 2, 2, 1, 3, 3, ) = 54 [27, ]
                     (1, 8, 3, 2, 4, 7, 2, ) = 27 []
             (5, 1, 3, 2, ) = 453 [84, 180, 189, ]
                 (2, 2, 1, 1, 2, ) = 84 [42, ]
                     (1, 6, 2, 4, 4, 6, 5, 1, 2, 3, 8, ) = 42 []
                 (1, 1, 1, 3, 1, ) = 180 [45, ]
                     (4, 5, 2, 6, 1, 1, 6, 7, 3, 1, 9, ) = 45 []
                 (3, 1, 3, 1, 2, 2, 1, 2, 3, ) = 189 [63, ]
                     (9, 6, 1, 9, 9, 9, 2, 1, 9, 8, ) = 63 []
         (6, 7, 2, 7, 2, ) = 1136 [937, 568, 388, 594, 146, ]
             (5, 2, 1, 3, 1, 3, 3, ) = 937 [98, 336, 135, ]
                 (3, 2, 1, 3, 2, 3, 1, ) = 98 [49, ]
                     (1, 9, 5, 7, 1, 6, 3, 8, 9, ) = 49 []
                 (1, 1, 2, 1, 1, 1, 1, ) = 336 [56, ]
                     (9, 8, 7, 9, 2, 7, 5, 6, 1, 2, ) = 56 []
                 (1, 3, 3, 1, 3, 1, ) = 135 [45, ]
                     (5, 1, 7, 9, 9, 4, 5, 5, ) = 45 []
             (4, 4, 2, 4, 2, 4, ) = 568 [86, 284, 90, ]
                 (1, 2, 1, 2, 3, ) = 86 [43, ]
                     (6, 1, 5, 4, 8, 7, 5, 1, 6, ) = 43 []
                 (3, 1, 1, 1, 1, ) = 284 [71, ]
                     (6, 8, 9, 9, 5, 9, 7, 1, 1, 9, 7, ) = 71 []
                 (2, 1, 2, 2, 1, ) = 90 [45, ]
                     (6, 1, 4, 5, 1, 5, 5, 6, 8, 3, 1, ) = 45 []
             (2, 2, 1, 3, 3, 2, 2, ) = 388 [60, 54, 56, ]
                 (1, 3, 2, 2, 2, 2, 1, 2, ) = 60 [30, ]
                     (7, 4, 1, 7, 2, 9, ) = 30 []
                 (3, 2, 3, 2, 3, 1, ) = 54 [54, ]
                     (9, 2, 4, 5, 6, 6, 5, 1, 4, 5, 7, ) = 54 []
                 (1, 3, 1, 2, 3, 3, 2, ) = 56 [28, ]
                     (6, 1, 1, 1, 1, 4, 1, 6, 3, 2, 2, ) = 28 []
             (3, 5, 3, 5, 1, 1, ) = 594 [105, 168, 192, ]
                 (3, 1, 1, 3, 2, 1, 1, 1, ) = 105 [21, ]
                     (1, 1, 3, 3, 5, 8, ) = 21 []
                 (1, 1, 2, 3, 1, 1, 3, 2, ) = 168 [42, ]
                     (7, 4, 7, 1, 2, 5, 7, 9, ) = 42 []
                 (2, 1, 1, 1, 1, 2, 3, ) = 192 [48, ]
                     (6, 1, 8, 8, 6, 8, 1, 1, 9, ) = 48 []
             (1, 4, 3, 3, ) = 146 [48, 120, 49, ]
                 (2, 1, 2, 1, 3, 2, ) = 48 [24, ]
                     (1, 6, 7, 2, 1, 1, 4, 2, ) = 24 []
                 (3, 1, 3, 1, 3, 1, 1, ) = 120 [30, ]
                     (7, 1, 1, 5, 1, 6, 2, 7, ) = 30 []
                 (2, 2, 3, 3, 1, 2, ) = 49 [49, ]
                     (3, 4, 9, 8, 1, 9, 9, 6, ) = 49 []
     (8, 2, ) = 636 [1135, 636, 1903, 1958, 608, 1440, ]
         (5, 6, 3, 1, ) = 1135 [312, 234, 496, 870, 327, ]
             (3, 5, 2, 2, 5, 4, 1, ) = 312 [132, 40, 100, ]
                 (1, 2, 2, 1, 1, 1, 3, ) = 132 [33, ]
                     (1, 5, 3, 4, 8, 8, 4, ) = 33 []
                 (2, 2, 3, 1, 3, 3, 3, ) = 40 [40, ]
                     (4, 3, 4, 4, 9, 9, 2, 3, 1, 1, ) = 40 []
                 (3, 1, 3, 1, 2, ) = 100 [50, ]
                     (1, 3, 6, 9, 5, 4, 4, 3, 6, 8, 1, ) = 50 []
             (2, 2, 4, 4, 2, ) = 234 [100, 78, 68, ]
                 (1, 3, 1, 3, 3, ) = 100 [50, ]
                     (5, 8, 4, 3, 2, 6, 8, 1, 6, 4, 3, ) = 50 []
                 (3, 2, 1, 2, 2, 1, ) = 78 [39, ]
                     (7, 6, 5, 4, 9, 5, 1, 2, ) = 39 []
                 (2, 1, 2, 3, 1, ) = 68 [34, ]
                     (1, 6, 4, 8, 6, 1, 8, ) = 34 []
             (1, 2, 2, 3, 4, 1, 4, ) = 496 [120, 62, 132, ]
                 (1, 1, 3, 1, 2, 3, 1, 3, ) = 120 [30, ]
                     (1, 9, 5, 9, 5, 1, ) = 30 []
                 (2, 1, 1, 2, 2, ) = 62 [31, ]
                     (8, 1, 3, 3, 3, 1, 7, 2, 3, ) = 31 []
                 (1, 1, 1, 1, 3, 1, 1, ) = 132 [22, ]
                     (3, 4, 1, 9, 1, 4, ) = 22 []
             (3, 3, 1, 3, 1, 1, ) = 870 [150, 141, 140, ]
                 (1, 1, 2, 1, 1, 3, 1, ) = 150 [30, ]
                     (4, 8, 3, 6, 1, 8, ) = 30 []
                 (3, 2, 3, 1, 2, 1, 1, ) = 141 [47, ]
                     (1, 8, 1, 6, 5, 2, 3, 8, 5, 8, ) = 47 []
                 (2, 3, 3, 1, 3, 1, 1, 1, 3, ) = 140 [35, ]
                     (7, 1, 6, 5, 5, 8, 3, ) = 35 []
             (1, 1, 2, 1, ) = 327 [75, 102, 308, ]
                 (3, 2, 2, 3, 2, 1, 1, 1, ) = 75 [25, ]
                     (1, 5, 2, 9, 2, 1, 3, 2, ) = 25 []
                 (2, 1, 1, 3, 3, 3, 2, 2, 1, ) = 102 [34, ]
                     (3, 5, 2, 6, 4, 7, 1, 3, 3, ) = 34 []
                 (1, 1, 1, 3, 1, 1, 1, 1, 2, ) = 308 [44, ]
                     (8, 3, 5, 1, 2, 9, 4, 6, 5, 1, ) = 44 []
         (1, 6, 4, 1, ) = 636 [246, 526, 432, 144, ]
             (4, 2, 3, 4, ) = 246 [136, 86, 160, ]
                 (3, 1, 1, 3, 3, 1, 1, ) = 136 [34, ]
                     (1, 7, 3, 9, 6, 8, ) = 34 []
                 (3, 1, 2, 1, 3, 3, ) = 86 [43, ]
                     (1, 6, 5, 7, 6, 8, 3, 3, 4, ) = 43 []
                 (1, 3, 3, 3, 1, 2, 3, 1, 1, ) = 160 [40, ]
                     (9, 6, 2, 9, 4, 1, 9, ) = 40 []
             (4, 1, 1, 3, 2, 3, 3, ) = 526 [41, 192, 84, ]
                 (2, 2, 2, 2, 2, 1, 3, ) = 41 [41, ]
                     (3, 2, 8, 1, 7, 9, 2, 9, ) = 41 []
                 (3, 1, 2, 2, 1, 1, 3, 1, ) = 192 [48, ]
                     (5, 5, 2, 8, 1, 3, 4, 8, 5, 7, ) = 48 []
                 (2, 1, 1, 1, 2, 2, 1, 3, ) = 84 [21, ]
                     (1, 4, 1, 4, 2, 9, ) = 21 []
             (3, 3, 2, 2, 4, ) = 432 [208, 106, 110, ]
                 (1, 1, 3, 1, 1, 2, ) = 208 [52, ]
                     (9, 9, 7, 4, 1, 4, 5, 1, 5, 7, ) = 52 []
                 (3, 1, 2, 2, 1, ) = 106 [53, ]
                     (6, 8, 8, 1, 1, 7, 8, 9, 1, 1, 3, ) = 53 []
                 (3, 2, 3, 2, 1, 3, 1, 3, ) = 110 [55, ]
                     (1, 9, 9, 7, 8, 5, 4, 3, 9, ) = 55 []
             (4, 5, 3, 4, 5, 3, ) = 144 [50, 188, 72, ]
                 (3, 3, 1, 3, 3, 2, 3, ) = 50 [50, ]
                     (8, 7, 7, 1, 4, 1, 8, 7, 7, ) = 50 []
                 (3, 1, 1, 2, 1, 1, 3, ) = 188 [47, ]
                     (1, 5, 7, 9, 5, 2, 6, 3, 1, 8, ) = 47 []
                 (3, 1, 3, 1, 2, ) = 72 [36, ]
                     (2, 2, 3, 3, 1, 8, 5, 6, 1, 1, 4, ) = 36 []
         (4, 3, 2, 3, 1, ) = 1903 [352, 235, 549, 218, 128, ]
             (2, 2, 4, 1, ) = 352 [160, 96, 336, ]
                 (1, 2, 1, 1, 3, 2, 1, 2, 1, ) = 160 [32, ]
                     (6, 8, 7, 1, 1, 1, 8, ) = 32 []
                 (3, 1, 2, 2, 3, 3, 1, 3, 1, ) = 96 [32, ]
                     (5, 8, 3, 1, 7, 5, 3, ) = 32 []
                 (1, 1, 2, 2, 1, 1, 1, 2, 1, ) = 336 [56, ]
                     (7, 8, 3, 1, 5, 3, 7, 3, 1, 9, 9, ) = 56 []
             (4, 2, 1, 5, 3, ) = 235 [26, 135, 74, ]
                 (3, 2, 3, 2, 1, 2, ) = 26 [26, ]
                     (5, 2, 6, 1, 4, 7, 1, ) = 26 []
                 (1, 2, 1, 1, 1, 2, 1, 3, ) = 135 [27, ]
                     (5, 1, 8, 6, 4, 3, ) = 27 []
                 (2, 2, 3, 1, 1, 2, ) = 74 [37, ]
                     (7, 3, 9, 9, 1, 1, 1, 5, 1, ) = 37 []
             (3, 1, 5, 1, 4, 1, ) = 549 [148, 48, 105, ]
                 (2, 2, 1, 2, 1, 1, 2, 1, ) = 148 [37, ]
                     (8, 1, 8, 3, 4, 4, 1, 8, ) = 37 []
                 (3, 1, 3, 2, 2, 1, 2, ) = 48 [24, ]
                     (8, 1, 2, 4, 8, 1, ) = 24 []
                 (1, 3, 1, 1, 3, 2, 2, 3, ) = 105 [35, ]
                     (8, 1, 7, 9, 2, 2, 6, ) = 35 []
             (1, 5, 3, 4, 2, 5, ) = 218 [105, 55, 58, ]
                 (2, 1, 1, 1, 2, 2, 3, ) = 105 [35, ]
                     (7, 1, 8, 7, 5, 5, 2, ) = 35 []
                 (2, 1, 3, 3, 3, 3, 3, ) = 55 [55, ]
                     (8, 7, 1, 7, 2, 5, 9, 2, 7, 7, ) = 55 []
                 (2, 2, 1, 2, 1, ) = 58 [29, ]
                     (8, 3, 6, 7, 4, 1, ) = 29 []
             (2, 2, 4, 1, ) = 128 [58, 35, 88, ]
                 (1, 2, 1, 2, 3, ) = 58 [29, ]
                     (7, 1, 1, 5, 2, 2, 1, 6, 4, ) = 29 []
                 (3, 2, 3, 3, 2, 1, ) = 35 [35, ]
                     (2, 5, 1, 9, 9, 3, 2, 4, ) = 35 []
                 (3, 1, 2, 1, 3, 1, 1, ) = 88 [22, ]
                     (4, 3, 1, 1, 4, 9, ) = 22 []
         (4, 7, 1, 3, ) = 1958 [440, 235, 1136, 382, 370, ]
             (2, 5, 2, 3, ) = 440 [175, 160, 120, ]
                 (1, 1, 1, 1, 1, ) = 175 [35, ]
                     (7, 5, 9, 6, 1, 3, 4, ) = 35 []
                 (1, 1, 3, 1, 2, 1, 1, ) = 160 [32, ]
                     (2, 2, 9, 1, 6, 1, 9, 2, ) = 32 []
                 (3, 3, 3, 1, 1, 2, 2, 3, 2, ) = 120 [60, ]
                     (7, 6, 5, 1, 6, 8, 5, 6, 9, 7, ) = 60 []
             (5, 2, 1, 3, ) = 235 [33, 172, 30, ]
                 (2, 3, 1, 3, 2, 3, ) = 33 [33, ]
                     (3, 8, 1, 8, 7, 1, 1, 4, ) = 33 []
                 (1, 1, 1, 2, 3, 2, 3, 2, 1, ) = 172 [43, ]
                     (9, 8, 4, 1, 5, 7, 7, 2, ) = 43 []
                 (1, 1, 3, 3, 2, 3, ) = 30 [15, ]
                     (1, 1, 3, 3, 4, 3, ) = 15 []
             (1, 2, 4, 1, 3, 2, 4, ) = 1136 [220, 260, 176, ]
                 (1, 1, 3, 3, 1, 1, ) = 220 [55, ]
                     (5, 2, 3, 5, 8, 1, 8, 9, 8, 2, 4, ) = 55 []
                 (1, 3, 3, 2, 2, 1, 1, 1, 1, ) = 260 [52, ]
                     (6, 8, 7, 1, 1, 3, 8, 9, 4, 5, ) = 52 []
                 (2, 3, 1, 1, 1, 1, ) = 176 [44, ]
                     (7, 1, 1, 9, 9, 2, 1, 7, 7, ) = 44 []
             (3, 1, 2, 3, 2, 5, ) = 382 [144, 29, 90, ]
                 (2, 1, 1, 2, 2, 1, 2, 1, 3, ) = 144 [36, ]
                     (6, 8, 1, 2, 3, 4, 1, 1, 4, 5, 1, ) = 36 []
                 (1, 2, 2, 3, 2, ) = 29 [29, ]
                     (8, 1, 8, 1, 2, 4, 5, ) = 29 []
                 (2, 2, 2, 1, 1, 1, ) = 90 [30, ]
                     (1, 1, 6, 3, 7, 3, 9, ) = 30 []
             (2, 1, 2, 2, ) = 370 [148, 74, 68, ]
                 (2, 2, 1, 3, 1, 3, 3, 1, 1, ) = 148 [37, ]
                     (9, 3, 5, 2, 5, 5, 1, 3, 3, 1, ) = 37 []
                 (3, 3, 1, 2, 2, 1, ) = 74 [37, ]
                     (1, 4, 7, 9, 9, 7, ) = 37 []
                 (2, 2, 1, 1, 3, ) = 68 [34, ]
                     (5, 7, 6, 1, 3, 7, 5, ) = 34 []
         (6, 4, 6, 4, ) = 608 [249, 326, 372, 304, ]
             (1, 1, 4, 3, 1, ) = 249 [48, 102, 105, ]
                 (1, 2, 3, 2, 2, 2, 3, 2, ) = 48 [48, ]
                     (9, 2, 1, 9, 9, 9, 3, 4, 2, ) = 48 []
                 (1, 2, 1, 2, 2, 3, 1, 3, ) = 102 [34, ]
                     (8, 6, 2, 1, 7, 2, 8, ) = 34 []
                 (1, 3, 2, 3, 3, 1, 2, 1, ) = 105 [35, ]
                     (1, 3, 4, 1, 3, 6, 8, 9, ) = 35 []
             (1, 4, 3, 1, 5, 4, 5, ) = 326 [132, 110, 62, ]
                 (1, 3, 3, 2, 1, 1, 1, ) = 132 [33, ]
                     (3, 7, 3, 4, 9, 6, 1, ) = 33 []
                 (3, 1, 1, 3, 2, 3, ) = 110 [55, ]
                     (5, 7, 6, 8, 5, 7, 1, 8, 8, ) = 55 []
                 (1, 3, 3, 3, 1, ) = 62 [31, ]
                     (4, 1, 2, 6, 1, 7, 6, 4, ) = 31 []
             (5, 5, 3, 2, ) = 372 [112, 172, 200, ]
                 (3, 1, 2, 2, 2, 3, 2, 1, ) = 112 [56, ]
                     (9, 2, 7, 3, 6, 8, 9, 1, 8, 2, 1, ) = 56 []
                 (1, 3, 3, 1, 2, 1, 1, 2, ) = 172 [43, ]
                     (3, 1, 4, 7, 4, 8, 4, 7, 5, ) = 43 []
                 (1, 1, 3, 2, 2, 1, 3, 1, 2, ) = 200 [50, ]
                     (7, 9, 1, 6, 5, 8, 9, 5, ) = 50 []
             (3, 3, 1, 1, ) = 304 [82, 150, 70, ]
                 (3, 2, 3, 1, 1, ) = 82 [41, ]
                     (9, 1, 9, 8, 2, 7, 2, 1, 2, ) = 41 []
                 (2, 1, 2, 1, 1, 2, ) = 150 [50, ]
                     (5, 2, 4, 1, 6, 8, 6, 8, 3, 7, ) = 50 []
                 (3, 1, 3, 3, 2, 1, 3, 2, 2, ) = 70 [35, ]
                     (9, 4, 3, 4, 9, 5, 1, ) = 35 []
         (1, 4, 1, ) = 1440 [450, 662, 142, 540, 489, ]
             (2, 5, 2, 3, 1, ) = 450 [112, 138, 62, ]
                 (1, 3, 2, 2, 1, ) = 112 [56, ]
                     (9, 5, 6, 4, 8, 1, 4, 9, 2, 8, ) = 56 []
                 (1, 2, 1, 1, 1, 1, 3, 1, ) = 138 [23, ]
                     (1, 2, 6, 6, 7, 1, ) = 23 []
                 (3, 3, 2, 1, 3, 3, 1, 3, ) = 62 [31, ]
                     (1, 2, 6, 9, 3, 7, 3, ) = 31 []
             (1, 5, 3, 5, 2, 3, 3, ) = 662 [162, 176, 108, ]
                 (1, 3, 1, 3, 2, 3, 1, ) = 162 [54, ]
                     (8, 8, 9, 7, 5, 8, 4, 4, 1, ) = 54 []
                 (3, 1, 3, 1, 1, 3, 1, ) = 176 [44, ]
                     (3, 8, 2, 7, 1, 3, 5, 4, 2, 1, 8, ) = 44 []
                 (2, 1, 1, 2, 1, 1, 2, ) = 108 [27, ]
                     (4, 1, 1, 3, 1, 1, 7, 1, 8, ) = 27 []
             (5, 4, 4, 1, 3, ) = 142 [64, 64, 78, ]
                 (2, 2, 2, 1, 1, ) = 64 [32, ]
                     (4, 8, 3, 1, 7, 7, 2, ) = 32 []
                 (2, 2, 1, 1, 2, ) = 64 [32, ]
                     (4, 9, 4, 1, 1, 8, 5, ) = 32 []
                 (3, 3, 2, 1, 1, 3, 2, 2, 3, ) = 78 [39, ]
                     (7, 9, 8, 1, 7, 7, ) = 39 []
             (3, 2, 2, 1, 5, 5, 1, ) = 540 [32, 192, 92, ]
                 (2, 2, 2, 3, 3, 1, 3, ) = 32 [32, ]
                     (9, 1, 4, 5, 4, 9, ) = 32 []
                 (1, 1, 1, 1, 3, ) = 192 [48, ]
                     (5, 7, 1, 8, 7, 1, 7, 9, 3, ) = 48 []
                 (3, 2, 3, 1, 2, 1, ) = 92 [46, ]
                     (6, 1, 9, 8, 9, 7, 5, 1, ) = 46 []
             (1, 1, 2, 3, 3, ) = 489 [78, 43, 145, ]
                 (3, 3, 1, 1, 1, 3, 3, 2, ) = 78 [26, ]
                     (1, 9, 1, 5, 6, 4, ) = 26 []
                 (3, 3, 3, 3, 2, 3, 2, 1, ) = 43 [43, ]
                     (4, 6, 8, 5, 6, 7, 1, 6, ) = 43 []
                 (1, 3, 2, 1, 1, 1, 3, 1, 3, ) = 145 [29, ]
                     (5, 6, 1, 5, 5, 7, ) = 29 []
     (3, 7, ) = 1810 [1641, 1023, 1810, 1294, 1804, 709, ]
         (3, 5, 1, 2, 3, ) = 1641 [310, 290, 425, 31, 191, ]
             (3, 2, 1, 4, ) = 310 [54, 88, 168, ]
                 (2, 3, 3, 1, 3, 2, 2, 1, 2, ) = 54 [27, ]
                     (1, 8, 2, 8, 1, 1, 6, ) = 27 []
                 (1, 3, 2, 2, 3, 3, 1, ) = 88 [44, ]
                     (6, 5, 2, 4, 7, 6, 3, 1, 1, 9, ) = 44 []
                 (3, 3, 1, 2, 1, 1, ) = 168 [56, ]
                     (1, 4, 8, 1, 7, 6, 9, 6, 6, 4, 4, ) = 56 []
             (1, 5, 1, 2, 4, 5, ) = 290 [123, 44, 220, ]
                 (2, 1, 2, 2, 1, 3, 1, 2, ) = 123 [41, ]
                     (2, 1, 8, 7, 5, 7, 9, 2, ) = 41 []
                 (3, 1, 1, 2, 3, 2, 3, ) = 44 [22, ]
                     (4, 1, 9, 4, 1, 3, ) = 22 []
                 (1, 2, 1, 1, 3, 1, 1, ) = 220 [44, ]
                     (6, 7, 6, 8, 8, 1, 8, ) = 44 []
             (1, 3, 5, 4, 4, 4, ) = 425 [54, 90, 371, ]
                 (1, 1, 2, 2, 2, ) = 54 [27, ]
                     (1, 7, 5, 7, 6, 1, ) = 27 []
                 (3, 1, 2, 1, 2, 1, 2, 3, ) = 90 [30, ]
                     (2, 1, 5, 7, 8, 1, 6, ) = 30 []
                 (1, 1, 1, 1, 2, 1, 1, 1, 2, ) = 371 [53, ]
                     (7, 5, 1, 9, 9, 1, 7, 5, 3, 6, ) = 53 []
             (4, 4, 4, 4, 2, ) = 31 [58, 31, 180, ]
                 (2, 1, 3, 3, 3, 1, 2, ) = 58 [29, ]
                     (5, 1, 9, 5, 3, 6, ) = 29 []
                 (3, 3, 1, 2, 3, ) = 31 [31, ]
                     (1, 5, 7, 1, 3, 7, 7, ) = 31 []
                 (1, 3, 2, 1, 1, 1, 2, ) = 180 [45, ]
                     (5, 3, 1, 9, 5, 1, 4, 1, 9, 5, 2, ) = 45 []
             (3, 1, 4, 5, 4, ) = 191 [129, 225, 62, ]
                 (3, 3, 3, 2, 2, 1, 1, 1, ) = 129 [43, ]
                     (1, 6, 1, 3, 5, 6, 7, 7, 1, 6, ) = 43 []
                 (1, 1, 3, 1, 1, 2, 1, ) = 225 [45, ]
                     (1, 7, 8, 1, 3, 2, 7, 6, 3, 7, ) = 45 []
                 (3, 1, 2, 2, 2, 1, ) = 62 [31, ]
                     (8, 4, 4, 7, 5, 2, 1, ) = 31 []
         (4, 4, 6, 4, ) = 1023 [213, 76, 156, 341, ]
             (1, 5, 4, 1, 4, 3, 1, ) = 213 [53, 61, 54, ]
                 (2, 3, 1, 2, 2, 3, ) = 53 [53, ]
                     (2, 5, 7, 8, 5, 7, 5, 1, 9, 4, ) = 53 []
                 (3, 1, 3, 2, 3, ) = 61 [61, ]
                     (1, 3, 1, 6, 9, 8, 5, 4, 7, 8, 9, ) = 61 []
                 (3, 1, 1, 2, 3, ) = 54 [27, ]
                     (4, 1, 8, 1, 3, 2, 1, 5, 2, ) = 27 []
             (5, 4, 5, 4, 3, ) = 76 [93, 93, 76, ]
                 (2, 1, 2, 1, 1, ) = 93 [31, ]
                     (3, 3, 4, 5, 1, 1, 8, 5, 1, ) = 31 []
                 (1, 3, 1, 2, 1, 3, 3, 2, 2, ) = 93 [31, ]
                     (4, 6, 5, 1, 4, 3, 3, 5, ) = 31 []
                 (2, 2, 3, 1, 3, 1, ) = 76 [38, ]
                     (6, 2, 3, 1, 2, 3, 3, 9, 9, ) = 38 []
             (4, 1, 4, 5, ) = 156 [156, 111, 160, ]
                 (3, 2, 2, 3, 1, 3, 1, 1, 1, ) = 156 [39, ]
                     (8, 1, 8, 1, 5, 7, 9, ) = 39 []
                 (2, 1, 2, 1, 3, 3, 1, 2, 3, ) = 111 [37, ]
                     (1, 9, 9, 3, 1, 7, 7, ) = 37 []
                 (1, 2, 1, 2, 1, 1, ) = 160 [40, ]
                     (3, 8, 3, 1, 5, 3, 9, 8, ) = 40 []
             (5, 2, 1, 4, ) = 341 [235, 106, 180, ]
                 (3, 2, 1, 1, 1, 3, 1, 1, ) = 235 [47, ]
                     (1, 3, 9, 2, 6, 3, 7, 3, 4, 9, ) = 47 []
                 (1, 2, 3, 1, 2, ) = 106 [53, ]
                     (7, 3, 8, 1, 4, 1, 8, 6, 7, 8, ) = 53 []
                 (1, 1, 2, 3, 3, 2, 1, 3, 2, ) = 180 [60, ]
                     (4, 3, 1, 9, 6, 7, 9, 5, 4, 3, 9, ) = 60 []
         (6, 1, 1, 4, 6, ) = 1810 [711, 381, 360, 388, ]
             (1, 2, 1, 5, 4, 3, 4, ) = 711 [195, 141, 180, ]
                 (2, 3, 1, 1, 1, 1, 1, 2, 3, ) = 195 [39, ]
                     (8, 1, 8, 5, 2, 4, 1, 4, 6, ) = 39 []
                 (3, 2, 1, 3, 1, 1, ) = 141 [47, ]
                     (9, 5, 4, 1, 4, 7, 2, 6, 5, 4, ) = 47 []
                 (3, 3, 3, 2, 1, 1, 1, 2, 1, ) = 180 [45, ]
                     (1, 4, 2, 9, 6, 4, 9, 6, 4, ) = 45 []
             (3, 1, 5, 5, 2, ) = 381 [245, 72, 64, ]
                 (3, 3, 2, 1, 1, 1, 1, 3, 1, ) = 245 [49, ]
                     (1, 5, 9, 6, 5, 9, 2, 9, 1, 1, 1, ) = 49 []
                 (2, 3, 1, 3, 3, 1, 2, ) = 72 [36, ]
                     (3, 1, 2, 5, 1, 1, 2, 3, 3, 9, 6, ) = 36 []
                 (1, 2, 2, 3, 1, 2, ) = 64 [32, ]
                     (8, 1, 8, 3, 1, 6, 5, ) = 32 []
             (3, 4, 3, 4, ) = 360 [70, 150, 180, ]
                 (1, 3, 1, 1, 1, 1, 3, 2, ) = 70 [14, ]
                     (3, 1, 5, 1, 3, 1, ) = 14 []
                 (2, 2, 1, 1, 2, 1, 2, ) = 150 [50, ]
                     (1, 4, 2, 6, 9, 9, 9, 9, 1, ) = 50 []
                 (3, 1, 1, 3, 1, 1, ) = 180 [45, ]
                     (9, 4, 1, 7, 1, 1, 9, 8, 5, ) = 45 []
             (1, 3, 3, 1, ) = 388 [92, 212, 102, ]
                 (3, 3, 3, 1, 3, 1, ) = 92 [46, ]
                     (7, 2, 8, 2, 1, 7, 4, 2, 7, 6, ) = 46 []
                 (3, 1, 1, 1, 2, 2, 1, ) = 212 [53, ]
                     (2, 9, 4, 1, 5, 2, 6, 6, 6, 6, 6, ) = 53 []
                 (1, 3, 2, 2, 1, 3, 2, 3, 1, ) = 102 [34, ]
                     (8, 1, 1, 9, 3, 5, 3, 4, ) = 34 []
         (2, 1, 2, 2, 2, ) = 1294 [470, 206, 550, 562, ]
             (3, 4, 3, 4, 3, 2, 1, ) = 470 [200, 108, 54, ]
                 (1, 3, 1, 3, 2, 1, 1, ) = 200 [50, ]
                     (6, 4, 5, 1, 8, 7, 2, 4, 3, 3, 7, ) = 50 []
                 (3, 1, 2, 3, 3, 1, ) = 108 [54, ]
                     (5, 5, 9, 8, 8, 5, 2, 7, 1, 4, ) = 54 []
                 (3, 3, 2, 1, 3, 1, ) = 54 [27, ]
                     (3, 3, 6, 1, 2, 9, 3, ) = 27 []
             (4, 4, 1, 3, ) = 206 [120, 102, 86, ]
                 (1, 1, 1, 3, 2, 2, 3, 3, 3, ) = 120 [40, ]
                     (6, 9, 6, 1, 9, 9, ) = 40 []
                 (2, 1, 3, 1, 2, 1, ) = 102 [34, ]
                     (8, 1, 1, 9, 5, 7, 3, ) = 34 []
                 (2, 3, 1, 3, 2, 3, 3, 1, ) = 86 [43, ]
                     (3, 2, 4, 4, 5, 8, 7, 9, 1, ) = 43 []
             (1, 5, 2, 2, 3, 5, ) = 550 [180, 145, 80, ]
                 (1, 1, 1, 2, 2, 1, 1, 3, ) = 180 [36, ]
                     (2, 8, 5, 8, 9, 3, 1, ) = 36 []
                 (1, 3, 2, 1, 1, 1, 2, 2, 1, ) = 145 [29, ]
                     (1, 9, 9, 5, 1, 4, ) = 29 []
                 (1, 1, 1, 2, 1, 1, ) = 80 [16, ]
                     (7, 2, 1, 1, 2, 1, 2, ) = 16 []
             (4, 3, 5, 1, 1, ) = 562 [228, 144, 106, ]
                 (1, 1, 3, 2, 3, 1, 2, 3, 1, ) = 228 [57, ]
                     (8, 6, 9, 6, 5, 5, 6, 1, 8, 3, ) = 57 []
                 (1, 1, 3, 2, 1, 2, 1, 2, 3, ) = 144 [36, ]
                     (4, 1, 7, 3, 7, 7, 6, 1, ) = 36 []
                 (1, 1, 3, 2, 2, ) = 106 [53, ]
                     (3, 9, 6, 8, 1, 1, 8, 3, 7, 7, ) = 53 []
         (5, 2, 5, 2, 1, ) = 1804 [156, 290, 786, 586, 534, ]
             (5, 4, 1, 2, 5, ) = 156 [76, 80, 42, ]
                 (1, 1, 3, 2, 2, 2, 2, ) = 76 [38, ]
                     (6, 1, 3, 2, 8, 1, 4, 7, 4, 2, ) = 38 []
                 (2, 3, 1, 3, 2, 1, 3, 3, 2, ) = 80 [40, ]
                     (8, 1, 5, 6, 3, 1, 1, 4, 6, 5, ) = 40 []
                 (2, 2, 1, 2, 2, 3, ) = 42 [42, ]
                     (1, 3, 6, 9, 3, 6, 2, 7, 5, ) = 42 []
             (5, 5, 2, 5, ) = 290 [148, 290, 255, ]
                 (2, 2, 1, 1, 1, 1, ) = 148 [37, ]
                     (3, 6, 5, 1, 9, 8, 3, 1, 1, ) = 37 []
                 (1, 1, 2, 1, 2, 1, 1, ) = 290 [58, ]
                     (4, 8, 2, 6, 1, 7, 4, 9, 7, 8, 2, ) = 58 []
                 (1, 3, 3, 3, 1, 1, 1, 1, ) = 255 [51, ]
                     (1, 4, 6, 3, 6, 8, 6, 9, 1, 7, ) = 51 []
             (2, 1, 1, 1, 2, 4, ) = 786 [180, 123, 81, ]
                 (3, 1, 1, 1, 1, 1, 1, 2, ) = 180 [30, ]
                     (3, 7, 5, 1, 6, 8, ) = 30 []
                 (3, 2, 1, 1, 1, ) = 123 [41, ]
                     (5, 1, 9, 1, 5, 1, 7, 4, 4, 4, ) = 41 []
                 (3, 2, 3, 1, 3, 1, 1, ) = 81 [27, ]
                     (6, 2, 7, 1, 2, 5, 4, ) = 27 []
             (1, 2, 2, 4, 4, 3, ) = 586 [84, 215, 72, ]
                 (1, 2, 3, 2, 1, 3, 3, ) = 84 [42, ]
                     (8, 5, 1, 2, 2, 4, 2, 5, 7, 6, ) = 42 []
                 (1, 1, 3, 1, 1, 2, 1, ) = 215 [43, ]
                     (8, 9, 3, 9, 6, 1, 2, 1, 2, 2, ) = 43 []
                 (3, 1, 2, 1, 3, 3, 3, ) = 72 [36, ]
                     (1, 4, 9, 7, 5, 9, 1, ) = 36 []
             (2, 2, 2, 4, 5, 3, ) = 534 [236, 150, 84, ]
                 (2, 2, 2, 1, 1, 2, 3, 1, 1, ) = 236 [59, ]
                     (8, 7, 4, 4, 1, 3, 6, 5, 6, 9, 6, ) = 59 []
                 (1, 1, 1, 1, 2, 1, 1, ) = 150 [25, ]
                     (6, 2, 1, 6, 1, 9, ) = 25 []
                 (2, 1, 2, 2, 2, 2, 1, 1, 3, ) = 84 [28, ]
                     (3, 9, 1, 3, 6, 5, 1, ) = 28 []
         (2, 3, 7, ) = 709 [697, 495, 214, 654, 188, ]
             (2, 4, 5, 2, 1, 3, 1, ) = 697 [70, 126, 305, ]
                 (3, 3, 3, 1, 2, 2, 1, 2, 2, ) = 70 [35, ]
                     (3, 5, 1, 4, 6, 9, 3, 1, 3, ) = 35 []
                 (3, 3, 3, 2, 3, 1, 1, 1, ) = 126 [42, ]
                     (7, 7, 4, 1, 1, 8, 2, 1, 2, 9, ) = 42 []
                 (3, 1, 2, 1, 1, 1, 1, ) = 305 [61, ]
                     (8, 5, 9, 3, 8, 7, 6, 3, 1, 2, 9, ) = 61 []
             (1, 4, 2, 2, 3, 1, ) = 495 [78, 120, 99, ]
                 (1, 3, 1, 2, 1, ) = 78 [26, ]
                     (6, 7, 1, 8, 2, 2, ) = 26 []
                 (1, 1, 1, 3, 2, 3, 1, 2, 2, ) = 120 [30, ]
                     (6, 1, 7, 7, 1, 7, 1, ) = 30 []
                 (3, 2, 1, 1, 3, 2, 2, 1, 2, ) = 99 [33, ]
                     (4, 3, 1, 2, 9, 6, 1, 4, 3, ) = 33 []
             (3, 4, 1, 1, 1, ) = 214 [48, 138, 70, ]
                 (1, 3, 3, 2, 2, 2, 3, 3, 1, ) = 48 [24, ]
                     (8, 1, 4, 1, 1, 1, 1, 1, 5, 1, ) = 24 []
                 (3, 2, 1, 1, 3, 1, 3, 2, ) = 138 [46, ]
                     (9, 1, 8, 4, 8, 7, 1, 8, ) = 46 []
                 (2, 3, 3, 1, 3, 3, 3, 1, 3, ) = 70 [35, ]
                     (5, 9, 2, 6, 7, 1, 5, ) = 35 []
             (1, 3, 1, 1, ) = 654 [196, 54, 66, ]
                 (2, 1, 1, 1, 1, 2, 2, ) = 196 [49, ]
                     (7, 8, 9, 1, 2, 8, 6, 3, 5, ) = 49 []
                 (3, 2, 1, 3, 2, 3, 1, 2, ) = 54 [27, ]
                     (5, 2, 2, 1, 9, 2, 5, 1, ) = 27 []
                 (1, 3, 2, 1, 3, 1, ) = 66 [22, ]
                     (3, 2, 1, 9, 3, 3, 1, ) = 22 []
             (4, 4, 2, 2, 4, ) = 188 [120, 94, 140, ]
                 (2, 1, 1, 3, 1, 2, 3, ) = 120 [40, ]
                     (1, 9, 9, 3, 5, 8, 5, ) = 40 []
                 (2, 3, 3, 1, 1, 3, 3, ) = 94 [47, ]
                     (1, 7, 7, 8, 2, 2, 7, 7, 1, 5, ) = 47 []
                 (1, 2, 1, 3, 2, 1, 1, 1, 2, ) = 140 [28, ]
                     (2, 7, 2, 4, 8, 1, 4, ) = 28 []
     (1, 6, 4, ) = 2647 [844, 690, 1994, 574, 2306, 1229, 1541, ]
         (3, 1, 5, 2, ) = 844 [158, 426, 260, 645, ]
             (4, 4, 3, 1, ) = 158 [96, 141, 62, ]
                 (2, 3, 1, 2, 2, 1, 2, ) = 96 [48, ]
                     (6, 9, 1, 2, 9, 5, 9, 7, ) = 48 []
                 (3, 1, 3, 3, 1, 1, 3, 3, 2, ) = 141 [47, ]
                     (3, 8, 1, 3, 4, 9, 1, 1, 4, 9, 4, ) = 47 []
                 (2, 3, 3, 1, 1, ) = 62 [31, ]
                     (7, 1, 4, 6, 3, 7, 3, ) = 31 []
             (4, 3, 4, 1, 1, ) = 426 [141, 94, 144, ]
                 (1, 3, 3, 1, 3, 3, 1, 3, ) = 141 [47, ]
                     (3, 4, 6, 9, 5, 1, 1, 7, 6, 1, 4, ) = 47 []
                 (1, 2, 3, 3, 1, 2, 3, ) = 94 [47, ]
                     (3, 1, 8, 5, 2, 6, 1, 8, 7, 6, ) = 47 []
                 (1, 1, 2, 3, 2, 1, 1, ) = 144 [36, ]
                     (5, 2, 1, 1, 5, 8, 9, 5, ) = 36 []
             (2, 2, 4, 1, ) = 260 [160, 50, 23, ]
                 (1, 2, 1, 2, 1, 1, 3, 3, ) = 160 [40, ]
                     (3, 1, 3, 1, 1, 7, 2, 8, 1, 7, 6, ) = 40 []
                 (3, 1, 3, 2, 3, 2, ) = 50 [50, ]
                     (9, 3, 6, 5, 3, 1, 6, 2, 2, 9, 4, ) = 50 []
                 (3, 3, 2, 1, 2, 2, ) = 23 [23, ]
                     (5, 1, 7, 2, 7, 1, ) = 23 []
             (1, 3, 1, 2, 4, ) = 645 [176, 78, 215, ]
                 (3, 1, 2, 1, 3, 1, 1, ) = 176 [44, ]
                     (9, 9, 1, 1, 6, 5, 6, 7, ) = 44 []
                 (1, 3, 3, 3, 2, 1, 1, 3, ) = 78 [26, ]
                     (1, 7, 3, 7, 2, 6, ) = 26 []
                 (1, 3, 1, 1, 1, 1, ) = 215 [43, ]
                     (9, 7, 1, 9, 2, 6, 3, 1, 5, ) = 43 []
         (5, 3, 6, 5, 2, ) = 690 [460, 366, 324, 185, ]
             (3, 2, 3, 5, 5, 4, ) = 460 [171, 108, 176, ]
                 (1, 2, 1, 1, 3, ) = 171 [57, ]
                     (8, 8, 4, 3, 1, 7, 7, 6, 1, 7, 5, ) = 57 []
                 (3, 3, 3, 1, 1, 1, ) = 108 [36, ]
                     (1, 1, 2, 6, 1, 1, 8, 6, 3, 7, ) = 36 []
                 (1, 1, 3, 3, 3, 1, 2, 1, 2, ) = 176 [44, ]
                     (6, 2, 6, 7, 5, 1, 8, 6, 3, ) = 44 []
             (5, 3, 3, 2, 3, ) = 366 [138, 60, 102, ]
                 (1, 2, 2, 2, 1, 2, 3, 3, 1, ) = 138 [46, ]
                     (3, 7, 3, 1, 6, 3, 3, 1, 5, 6, 8, ) = 46 []
                 (1, 3, 1, 3, 2, ) = 60 [30, ]
                     (9, 7, 6, 2, 1, 5, ) = 30 []
                 (3, 3, 3, 1, 1, 3, ) = 102 [51, ]
                     (1, 9, 8, 5, 4, 1, 7, 2, 7, 7, ) = 51 []
             (5, 2, 1, 1, 5, 4, ) = 324 [90, 144, 58, ]
                 (3, 1, 2, 1, 1, 2, 3, 3, 3, ) = 90 [30, ]
                     (2, 4, 7, 3, 6, 1, 5, 2, ) = 30 []
                 (1, 3, 3, 3, 2, 2, 1, 1, ) = 144 [48, ]
                     (9, 2, 9, 8, 9, 4, 1, 4, 1, 1, ) = 48 []
                 (2, 2, 1, 2, 3, 2, 3, 1, 2, ) = 58 [29, ]
                     (4, 2, 2, 9, 1, 4, 7, ) = 29 []
             (3, 4, 4, 2, ) = 185 [116, 104, 81, ]
                 (3, 1, 1, 2, 1, 2, 1, ) = 116 [29, ]
                     (1, 9, 3, 2, 8, 1, 5, ) = 29 []
                 (3, 1, 3, 1, 3, 2, 3, 2, 3, ) = 104 [52, ]
                     (3, 9, 1, 5, 4, 9, 3, 8, 1, 5, 4, ) = 52 []
                 (3, 2, 1, 1, 3, 2, 2, 2, 1, ) = 81 [27, ]
                     (1, 9, 7, 8, 1, 1, ) = 27 []
         (2, 6, 4, 5, ) = 1994 [354, 612, 491, 560, 822, ]
             (4, 5, 3, 2, 3, ) = 354 [245, 48, 153, ]
                 (3, 1, 3, 3, 1, 2, 1, 1, 1, ) = 245 [49, ]
                     (1, 5, 4, 5, 2, 6, 9, 6, 7, 4, ) = 49 []
                 (3, 3, 3, 1, 1, 3, 3, ) = 48 [24, ]
                     (3, 8, 6, 1, 3, 3, ) = 24 []
                 (1, 1, 1, 3, 2, ) = 153 [51, ]
                     (7, 2, 5, 2, 5, 1, 9, 3, 8, 9, ) = 51 []
             (2, 3, 1, 3, 4, 5, ) = 612 [144, 100, 184, ]
                 (2, 2, 2, 3, 1, 1, 1, ) = 144 [48, ]
                     (4, 1, 1, 6, 5, 9, 5, 5, 4, 8, ) = 48 []
                 (1, 2, 3, 1, 1, 1, ) = 100 [25, ]
                     (5, 6, 1, 3, 4, 1, 2, 3, ) = 25 []
                 (1, 1, 3, 1, 2, 2, 1, 2, ) = 184 [46, ]
                     (9, 7, 2, 8, 1, 4, 2, 6, 2, 4, 1, ) = 46 []
             (1, 1, 4, 2, 1, ) = 491 [147, 50, 80, ]
                 (3, 3, 1, 2, 2, 1, 1, 2, 3, ) = 147 [49, ]
                     (4, 1, 9, 5, 2, 5, 3, 9, 5, 6, ) = 49 []
                 (3, 2, 3, 2, 3, 3, 1, ) = 50 [50, ]
                     (5, 7, 5, 9, 4, 1, 2, 8, 1, 8, ) = 50 []
                 (1, 2, 2, 2, 1, 1, 2, 1, ) = 80 [20, ]
                     (5, 2, 1, 3, 1, 1, 4, 1, 2, ) = 20 []
             (1, 3, 2, 2, ) = 560 [200, 140, 80, ]
                 (3, 2, 2, 1, 2, 1, 2, 1, 1, ) = 200 [50, ]
                     (9, 6, 1, 9, 3, 2, 4, 8, 1, 4, 3, ) = 50 []
                 (2, 2, 1, 1, 1, 1, 3, ) = 140 [35, ]
                     (3, 3, 5, 4, 1, 5, 2, 6, 6, ) = 35 []
                 (2, 3, 3, 2, 1, 2, 1, 3, 2, ) = 80 [40, ]
                     (8, 2, 8, 1, 1, 9, 9, 2, ) = 40 []
             (1, 4, 2, 1, 2, 1, 3, ) = 822 [150, 72, 228, ]
                 (1, 1, 2, 2, 1, ) = 150 [50, ]
                     (2, 1, 9, 8, 3, 9, 5, 1, 7, 4, 1, ) = 50 []
                 (1, 3, 3, 1, 2, 1, ) = 72 [24, ]
                     (5, 6, 6, 5, 1, 1, ) = 24 []
                 (1, 2, 1, 3, 1, 1, ) = 228 [57, ]
                     (4, 4, 7, 7, 3, 1, 9, 8, 8, 6, ) = 57 []
         (1, 4, 6, ) = 574 [172, 308, 408, 402, 583, ]
             (1, 2, 3, 4, ) = 172 [66, 26, 80, ]
                 (3, 2, 3, 3, 1, 1, ) = 66 [33, ]
                     (8, 2, 1, 1, 2, 3, 4, 6, 6, ) = 33 []
                 (2, 1, 2, 2, 2, ) = 26 [26, ]
                     (5, 1, 2, 5, 5, 8, ) = 26 []
                 (3, 3, 1, 1, 3, ) = 80 [40, ]
                     (9, 8, 3, 6, 1, 1, 3, 1, 3, 5, ) = 40 []
             (4, 3, 5, 2, 4, 1, ) = 308 [128, 106, 74, ]
                 (3, 1, 1, 2, 2, 1, 2, 1, 3, ) = 128 [32, ]
                     (8, 6, 1, 1, 5, 9, 2, ) = 32 []
                 (3, 1, 3, 3, 1, 2, 3, 2, ) = 106 [53, ]
                     (2, 7, 8, 1, 7, 5, 5, 5, 6, 4, 3, ) = 53 []
                 (2, 2, 1, 3, 2, 2, 1, ) = 74 [37, ]
                     (1, 9, 3, 1, 5, 4, 3, 3, 8, ) = 37 []
             (4, 3, 3, 2, 2, ) = 408 [220, 114, 90, ]
                 (1, 1, 2, 1, 2, 3, 1, 1, 2, ) = 220 [44, ]
                     (7, 4, 2, 1, 5, 5, 6, 3, 1, 9, 1, ) = 44 []
                 (1, 2, 1, 3, 2, 2, 3, 2, 2, ) = 114 [57, ]
                     (1, 5, 4, 3, 9, 9, 8, 1, 7, 1, 9, ) = 57 []
                 (2, 3, 2, 1, 1, 2, 1, 2, ) = 90 [30, ]
                     (1, 4, 5, 2, 3, 5, 9, 1, ) = 30 []
             (3, 3, 2, 4, 5, 5, 4, ) = 402 [245, 114, 144, ]
                 (1, 1, 3, 1, 2, 3, 1, 1, ) = 245 [49, ]
                     (4, 4, 1, 5, 8, 7, 5, 8, 4, 1, 2, ) = 49 []
                 (1, 1, 1, 3, 3, 3, ) = 114 [38, ]
                     (9, 6, 7, 2, 4, 8, 1, 1, ) = 38 []
                 (3, 1, 1, 3, 1, 3, ) = 144 [48, ]
                     (1, 5, 7, 5, 3, 1, 6, 9, 7, 4, ) = 48 []
             (3, 3, 5, 1, 3, 4, 5, ) = 583 [235, 62, 116, ]
                 (2, 3, 1, 1, 1, 2, 2, 1, 1, ) = 235 [47, ]
                     (6, 9, 4, 8, 5, 3, 4, 5, 1, 2, ) = 47 []
                 (3, 2, 2, 1, 2, 3, 1, ) = 62 [31, ]
                     (4, 1, 1, 1, 2, 3, 8, 7, 4, ) = 31 []
                 (3, 2, 3, 3, 1, 1, ) = 116 [58, ]
                     (7, 7, 9, 3, 8, 8, 7, 7, 1, 1, ) = 58 []
         (1, 3, 2, 1, ) = 2306 [646, 364, 650, 516, ]
             (5, 2, 5, 5, 5, 1, 2, ) = 646 [96, 275, 62, ]
                 (3, 3, 1, 2, 1, 1, 2, 1, ) = 96 [24, ]
                     (2, 7, 3, 1, 1, 1, 8, 1, ) = 24 []
                 (2, 1, 3, 1, 1, 3, 1, 2, 1, ) = 275 [55, ]
                     (9, 2, 6, 1, 6, 7, 1, 4, 9, 5, 5, ) = 55 []
                 (3, 2, 2, 1, 2, 1, 2, ) = 62 [31, ]
                     (8, 9, 9, 2, 1, 2, ) = 31 []
             (3, 4, 2, 4, 1, ) = 364 [60, 200, 104, ]
                 (1, 3, 2, 3, 3, ) = 60 [60, ]
                     (4, 9, 6, 3, 7, 1, 7, 5, 7, 2, 9, ) = 60 []
                 (1, 1, 2, 3, 1, 1, ) = 200 [50, ]
                     (8, 8, 1, 2, 9, 6, 5, 8, 3, ) = 50 []
                 (1, 3, 2, 2, 1, 2, 3, 3, ) = 104 [52, ]
                     (5, 2, 4, 7, 8, 7, 3, 6, 9, 1, ) = 52 []
             (2, 3, 3, 1, 1, 3, ) = 650 [92, 70, 132, ]
                 (2, 2, 1, 1, 2, ) = 92 [46, ]
                     (5, 8, 1, 3, 9, 5, 6, 1, 1, 7, ) = 46 []
                 (1, 2, 1, 2, 3, ) = 70 [35, ]
                     (1, 9, 8, 2, 3, 5, 6, 1, ) = 35 []
                 (2, 1, 1, 3, 1, 1, ) = 132 [33, ]
                     (1, 7, 1, 3, 1, 7, 1, 2, 7, 3, ) = 33 []
             (5, 3, 3, 3, ) = 516 [76, 195, 172, ]
                 (3, 3, 2, 1, 1, 2, 3, ) = 76 [38, ]
                     (3, 1, 1, 5, 2, 6, 4, 7, 4, 5, ) = 38 []
                 (1, 1, 3, 1, 3, 1, 2, 3, 1, ) = 195 [39, ]
                     (1, 1, 7, 9, 8, 1, 6, 1, 4, 1, ) = 39 []
                 (2, 1, 2, 3, 1, 1, 1, 2, ) = 172 [43, ]
                     (2, 3, 4, 1, 6, 7, 3, 6, 6, 5, ) = 43 []
         (4, 3, 4, ) = 1229 [426, 360, 467, 381, 77, ]
             (2, 5, 1, 2, 2, ) = 426 [102, 108, 123, ]
                 (2, 1, 1, 2, 3, ) = 102 [51, ]
                     (4, 1, 9, 2, 7, 1, 6, 8, 3, 9, 1, ) = 51 []
                 (1, 2, 1, 1, 3, 1, 3, 2, 2, ) = 108 [27, ]
                     (4, 1, 8, 4, 6, 4, ) = 27 []
                 (1, 1, 3, 3, 1, ) = 123 [41, ]
                     (9, 2, 1, 9, 1, 8, 7, 4, ) = 41 []
             (2, 1, 2, 4, 1, ) = 360 [108, 72, 111, ]
                 (2, 1, 3, 2, 1, 1, ) = 108 [36, ]
                     (3, 6, 2, 3, 5, 8, 5, 1, 3, ) = 36 []
                 (2, 1, 2, 2, 1, 1, 3, ) = 72 [24, ]
                     (1, 1, 5, 3, 3, 4, 2, 5, ) = 24 []
                 (2, 1, 2, 2, 1, 1, ) = 111 [37, ]
                     (1, 1, 8, 1, 7, 5, 1, 4, 9, ) = 37 []
             (3, 3, 1, 5, 3, ) = 467 [80, 100, 129, ]
                 (2, 3, 1, 2, 2, 3, 1, 3, ) = 80 [40, ]
                     (8, 1, 5, 7, 4, 5, 7, 1, 1, 1, ) = 40 []
                 (1, 1, 1, 3, 2, 2, 1, 2, ) = 100 [25, ]
                     (1, 2, 8, 8, 1, 5, ) = 25 []
                 (1, 1, 3, 1, 3, ) = 129 [43, ]
                     (6, 9, 9, 6, 5, 4, 3, 1, ) = 43 []
             (4, 1, 5, 1, 3, 4, 1, ) = 381 [96, 192, 93, ]
                 (2, 1, 1, 3, 3, 3, ) = 96 [48, ]
                     (7, 6, 7, 1, 3, 9, 7, 8, ) = 48 []
                 (2, 1, 2, 2, 1, 1, 2, 1, ) = 192 [48, ]
                     (3, 8, 9, 8, 5, 7, 2, 3, 1, 2, ) = 48 []
                 (1, 3, 1, 2, 2, 2, 1, 2, 3, ) = 93 [31, ]
                     (4, 3, 4, 1, 9, 2, 8, ) = 31 []
             (2, 4, 4, 1, ) = 77 [44, 33, 34, ]
                 (3, 2, 1, 3, 1, ) = 44 [22, ]
                     (2, 5, 6, 1, 7, 1, ) = 22 []
                 (2, 2, 1, 2, 3, ) = 33 [33, ]
                     (3, 9, 6, 7, 7, 1, ) = 33 []
                 (3, 3, 2, 1, 2, ) = 34 [34, ]
                     (4, 3, 2, 1, 7, 6, 1, 3, 7, ) = 34 []
         (5, 4, 7, 5, 6, ) = 1541 [646, 322, 408, 511, 515, ]
             (2, 3, 1, 3, 2, 4, 5, ) = 646 [64, 165, 126, ]
                 (3, 3, 2, 1, 2, 1, 2, 3, ) = 64 [32, ]
                     (1, 5, 4, 4, 5, 1, 7, 1, 4, ) = 32 []
                 (2, 1, 1, 1, 1, 1, ) = 165 [33, ]
                     (9, 2, 6, 4, 1, 1, 6, 4, ) = 33 []
                 (2, 1, 1, 3, 1, 3, ) = 126 [42, ]
                     (9, 7, 2, 6, 3, 3, 7, 1, 4, ) = 42 []
             (1, 4, 3, 2, 4, 5, ) = 322 [28, 42, 252, ]
                 (2, 2, 3, 3, 2, 1, ) = 28 [28, ]
                     (5, 1, 7, 1, 7, 5, 1, 1, ) = 28 []
                 (1, 3, 2, 2, 3, 3, ) = 42 [42, ]
                     (4, 9, 6, 2, 1, 9, 4, 1, 6, ) = 42 []
                 (1, 1, 1, 3, 3, 1, ) = 252 [63, ]
                     (5, 9, 9, 9, 2, 8, 6, 1, 9, 4, 1, ) = 63 []
             (4, 3, 5, 2, 3, 2, ) = 408 [39, 126, 78, ]
                 (3, 1, 3, 3, 3, ) = 39 [39, ]
                     (2, 1, 4, 2, 8, 8, 6, 5, 3, ) = 39 []
                 (1, 1, 1, 3, 3, ) = 126 [42, ]
                     (8, 7, 8, 2, 1, 6, 9, 1, ) = 42 []
                 (1, 1, 3, 1, 2, ) = 78 [26, ]
                     (3, 1, 3, 9, 9, 1, ) = 26 []
             (4, 4, 2, 2, 3, 1, 2, ) = 511 [68, 96, 155, ]
                 (3, 1, 2, 1, 2, 2, 2, 3, ) = 68 [34, ]
                     (9, 6, 4, 5, 1, 1, 8, ) = 34 []
                 (3, 3, 2, 2, 1, 2, 2, 1, 1, ) = 96 [32, ]
                     (1, 8, 4, 8, 5, 4, 1, 1, ) = 32 []
                 (1, 3, 2, 1, 2, 1, 3, 1, 1, ) = 155 [31, ]
                     (1, 1, 2, 6, 3, 1, 8, 9, ) = 31 []
             (2, 5, 1, 3, 1, ) = 515 [195, 32, 93, ]
                 (1, 3, 1, 1, 1, 3, 3, 1, ) = 195 [39, ]
                     (4, 4, 3, 4, 8, 8, 1, 7, ) = 39 []
                 (3, 2, 1, 3, 3, ) = 32 [32, ]
                     (5, 4, 1, 5, 1, 3, 5, 7, 1, ) = 32 []
                 (1, 1, 2, 2, 2, 1, ) = 93 [31, ]
                     (4, 3, 5, 8, 5, 1, 2, 3, ) = 31 []
     (1, 6, 4, ) = 3477 [996, 1246, 1435, 1419, 1462, 1062, 1382, ]
         (1, 4, 5, ) = 996 [594, 405, 406, 300, 102, ]
             (1, 3, 2, 3, 3, 4, 1, ) = 594 [75, 93, 117, ]
                 (3, 1, 3, 2, 1, 3, 1, ) = 75 [25, ]
                     (9, 4, 7, 1, 2, 2, ) = 25 []
                 (1, 2, 2, 1, 1, 2, ) = 93 [31, ]
                     (2, 5, 7, 1, 8, 5, 1, 2, ) = 31 []
                 (1, 2, 2, 2, 1, 3, 3, 1, ) = 117 [39, ]
                     (4, 7, 1, 1, 8, 1, 1, 4, 7, 5, ) = 39 []
             (3, 1, 4, 3, 5, 4, 4, ) = 405 [225, 168, 90, ]
                 (1, 1, 2, 3, 2, 1, 1, 3, 1, ) = 225 [45, ]
                     (1, 1, 8, 9, 2, 9, 5, 7, 3, ) = 45 []
                 (2, 3, 3, 1, 1, 2, 1, ) = 168 [56, ]
                     (1, 9, 7, 5, 8, 5, 1, 1, 8, 8, 3, ) = 56 []
                 (1, 2, 3, 1, 1, 3, ) = 90 [30, ]
                     (9, 8, 3, 1, 8, 1, ) = 30 []
             (5, 3, 1, 3, 5, ) = 406 [40, 99, 183, ]
                 (2, 3, 2, 3, 1, 2, 3, ) = 40 [40, ]
                     (6, 5, 1, 9, 6, 5, 8, ) = 40 []
                 (1, 1, 3, 2, 2, 1, 2, 2, ) = 99 [33, ]
                     (1, 3, 8, 7, 8, 6, ) = 33 []
                 (2, 1, 3, 3, 1, 1, ) = 183 [61, ]
                     (4, 3, 9, 1, 6, 1, 2, 9, 8, 9, 9, ) = 61 []
             (3, 4, 5, 3, 3, 5, ) = 300 [260, 168, 100, ]
                 (2, 1, 1, 3, 1, 3, 1, 1, 3, ) = 260 [52, ]
                     (6, 1, 9, 4, 1, 9, 5, 8, 9, ) = 52 []
                 (1, 2, 1, 1, 3, 2, 3, 3, 3, ) = 168 [56, ]
                     (6, 9, 4, 8, 7, 2, 1, 8, 4, 1, 6, ) = 56 []
                 (2, 1, 1, 3, 1, 3, 1, ) = 100 [25, ]
                     (1, 3, 4, 6, 1, 4, 3, 3, ) = 25 []
             (3, 2, 4, 3, 5, ) = 102 [52, 40, 31, ]
                 (2, 3, 1, 1, 3, 2, ) = 52 [26, ]
                     (1, 4, 5, 9, 3, 1, 3, ) = 26 []
                 (3, 1, 2, 3, 2, ) = 40 [40, ]
                     (8, 1, 9, 4, 1, 1, 1, 4, 2, 4, 5, ) = 40 []
                 (2, 1, 3, 2, 3, ) = 31 [31, ]
                     (6, 1, 8, 6, 2, 8, ) = 31 []
         (2, 2, 2, 3, 7, ) = 1246 [610, 306, 328, 485, 465, ]
             (5, 5, 1, 2, 3, 3, ) = 610 [52, 102, 228, ]
                 (2, 2, 3, 2, 1, ) = 52 [52, ]
                     (6, 6, 8, 4, 5, 1, 6, 6, 1, 9, ) = 52 []
                 (2, 1, 1, 2, 1, ) = 102 [34, ]
                     (5, 1, 9, 9, 3, 1, 1, 5, ) = 34 []
                 (3, 1, 1, 1, 1, 1, 3, 1, 2, ) = 228 [38, ]
                     (9, 1, 9, 1, 8, 4, 1, 1, 4, ) = 38 []
             (3, 4, 2, 3, ) = 306 [62, 82, 112, ]
                 (2, 2, 3, 2, 1, 3, 1, 3, 2, ) = 62 [31, ]
                     (1, 4, 8, 4, 9, 3, 1, 1, ) = 31 []
                 (2, 1, 2, 1, 2, ) = 82 [41, ]
                     (1, 6, 3, 6, 9, 7, 1, 2, 6, ) = 41 []
                 (1, 1, 3, 2, 1, 1, 2, 3, ) = 112 [28, ]
                     (6, 1, 2, 2, 5, 4, 3, 5, ) = 28 []
             (3, 4, 1, 3, 1, ) = 328 [35, 144, 129, ]
                 (1, 3, 2, 2, 3, 2, ) = 35 [35, ]
                     (9, 5, 9, 6, 5, 1, ) = 35 []
                 (1, 1, 1, 1, 2, 3, 3, ) = 144 [36, ]
                     (3, 3, 5, 6, 2, 1, 2, 7, 7, ) = 36 []
                 (3, 3, 2, 2, 1, 2, 1, 1, 3, ) = 129 [43, ]
                     (8, 1, 7, 7, 5, 1, 3, 2, 9, ) = 43 []
             (2, 1, 3, 4, 1, ) = 485 [86, 78, 235, ]
                 (3, 2, 2, 2, 1, 1, ) = 86 [43, ]
                     (1, 1, 5, 2, 2, 9, 8, 7, 6, 2, ) = 43 []
                 (1, 1, 2, 1, 2, 3, ) = 78 [26, ]
                     (7, 5, 6, 2, 5, 1, ) = 26 []
                 (1, 1, 1, 1, 3, 1, ) = 235 [47, ]
                     (5, 4, 3, 7, 7, 9, 2, 9, 1, ) = 47 []
             (5, 3, 3, 2, 1, ) = 465 [93, 126, 123, ]
                 (1, 1, 3, 1, 2, ) = 93 [31, ]
                     (7, 5, 5, 2, 8, 1, 3, ) = 31 []
                 (3, 1, 3, 1, 1, ) = 126 [42, ]
                     (4, 3, 9, 1, 7, 3, 6, 9, ) = 42 []
                 (1, 3, 3, 1, 1, ) = 123 [41, ]
                     (2, 4, 7, 6, 1, 6, 6, 4, 5, ) = 41 []
         (2, 7, 4, 3, 1, ) = 1435 [84, 516, 549, 286, 260, ]
             (5, 4, 3, 3, ) = 84 [120, 192, 42, ]
                 (3, 1, 1, 1, 3, 2, 3, ) = 120 [40, ]
                     (1, 3, 1, 1, 6, 9, 9, 3, 3, 3, 1, ) = 40 []
                 (1, 1, 3, 1, 2, 2, 2, 2, 1, ) = 192 [48, ]
                     (2, 1, 7, 7, 6, 2, 1, 3, 8, 4, 7, ) = 48 []
                 (2, 2, 3, 1, 1, ) = 42 [21, ]
                     (1, 5, 1, 5, 1, 5, 3, ) = 21 []
             (3, 1, 3, 5, 5, 2, 1, ) = 516 [100, 132, 92, ]
                 (1, 1, 3, 2, 2, 2, ) = 100 [50, ]
                     (1, 7, 9, 6, 8, 2, 2, 6, 1, 8, ) = 50 []
                 (3, 1, 3, 3, 3, 2, 1, 1, ) = 132 [44, ]
                     (7, 8, 1, 5, 4, 8, 7, 1, 3, ) = 44 []
                 (2, 1, 2, 3, 1, ) = 92 [46, ]
                     (6, 1, 9, 8, 5, 7, 1, 8, 1, ) = 46 []
             (3, 1, 3, 4, 3, 1, ) = 549 [189, 69, 57, ]
                 (1, 1, 3, 2, 1, ) = 189 [63, ]
                     (3, 9, 9, 5, 4, 7, 1, 9, 7, 8, 1, ) = 63 []
                 (2, 2, 3, 1, 1, 2, 3, 2, 1, ) = 69 [23, ]
                     (3, 5, 6, 1, 5, 3, ) = 23 []
                 (2, 2, 1, 2, 1, 2, 1, 3, ) = 57 [19, ]
                     (3, 4, 3, 3, 5, 1, ) = 19 []
             (1, 2, 2, 5, 5, 3, 3, ) = 286 [24, 44, 87, ]
                 (3, 3, 1, 3, 3, 1, ) = 24 [12, ]
                     (4, 2, 1, 2, 1, 2, ) = 12 []
                 (1, 2, 3, 1, 3, ) = 44 [22, ]
                     (1, 9, 1, 2, 4, 2, 3, ) = 22 []
                 (1, 2, 1, 2, 1, ) = 87 [29, ]
                     (2, 9, 1, 3, 2, 9, 3, ) = 29 []
             (4, 2, 1, 3, ) = 260 [96, 114, 50, ]
                 (3, 3, 2, 1, 3, 1, 2, 2, ) = 96 [48, ]
                     (8, 9, 6, 1, 9, 1, 6, 3, 5, ) = 48 []
                 (2, 1, 1, 3, 2, 3, ) = 114 [57, ]
                     (1, 9, 9, 7, 3, 7, 8, 8, 5, ) = 57 []
                 (3, 2, 3, 2, 1, 2, 1, 2, ) = 50 [25, ]
                     (2, 4, 1, 1, 3, 8, 6, ) = 25 []
         (4, 2, 5, ) = 1419 [928, 837, 552, 330, 252, ]
             (1, 2, 2, 3, 1, 3, ) = 928 [126, 222, 116, ]
                 (1, 2, 3, 2, 3, 1, 1, ) = 126 [42, ]
                     (2, 1, 4, 6, 1, 4, 8, 5, 5, 6, ) = 42 []
                 (2, 1, 1, 1, 1, 3, 1, 1, ) = 222 [37, ]
                     (8, 7, 5, 1, 5, 1, 6, 1, 3, ) = 37 []
                 (3, 2, 2, 2, 1, 3, 1, ) = 116 [58, ]
                     (7, 2, 7, 2, 9, 3, 7, 8, 1, 7, 5, ) = 58 []
             (4, 1, 3, 3, 1, 3, 1, ) = 837 [177, 72, 102, ]
                 (3, 2, 1, 3, 1, 1, 2, ) = 177 [59, ]
                     (1, 6, 1, 8, 5, 8, 7, 5, 5, 5, 8, ) = 59 []
                 (2, 2, 3, 1, 1, ) = 72 [36, ]
                     (9, 1, 7, 1, 1, 9, 8, ) = 36 []
                 (1, 3, 1, 3, 3, ) = 102 [51, ]
                     (8, 1, 9, 5, 8, 5, 5, 3, 4, 2, 1, ) = 51 []
             (1, 3, 3, 5, 3, 2, ) = 552 [175, 155, 74, ]
                 (1, 1, 1, 3, 1, 2, 1, 3, ) = 175 [35, ]
                     (3, 4, 7, 3, 6, 1, 5, 6, ) = 35 []
                 (1, 2, 1, 1, 2, 1, 1, ) = 155 [31, ]
                     (1, 8, 1, 7, 1, 6, 7, ) = 31 []
                 (3, 2, 3, 2, 1, 3, 1, ) = 74 [37, ]
                     (7, 7, 9, 5, 1, 2, 5, 1, ) = 37 []
             (2, 4, 3, 2, 5, 2, 4, ) = 330 [92, 54, 168, ]
                 (1, 1, 1, 2, 2, 1, 2, 2, ) = 92 [23, ]
                     (2, 1, 6, 7, 6, 1, ) = 23 []
                 (2, 2, 3, 1, 2, 3, 1, ) = 54 [27, ]
                     (1, 5, 4, 9, 6, 2, ) = 27 []
                 (3, 2, 1, 1, 1, 1, 2, ) = 168 [42, ]
                     (4, 8, 5, 1, 6, 3, 7, 6, 2, ) = 42 []
             (3, 4, 2, 1, 4, 3, 5, ) = 252 [28, 132, 46, ]
                 (3, 3, 2, 2, 1, ) = 28 [28, ]
                     (8, 1, 6, 4, 3, 6, ) = 28 []
                 (3, 3, 1, 2, 1, 2, 1, 2, 1, ) = 132 [33, ]
                     (3, 1, 3, 2, 6, 8, 9, 1, ) = 33 []
                 (2, 1, 3, 3, 3, 3, 3, 3, ) = 46 [46, ]
                     (4, 4, 5, 4, 8, 1, 1, 7, 3, 9, ) = 46 []
         (2, 5, 3, 5, ) = 1462 [276, 344, 394, 160, 362, ]
             (2, 2, 3, 1, 2, 5, ) = 276 [54, 52, 66, ]
                 (1, 2, 1, 2, 2, ) = 54 [27, ]
                     (3, 1, 9, 7, 2, 1, 4, ) = 27 []
                 (2, 2, 3, 3, 1, 3, 3, 1, ) = 52 [26, ]
                     (1, 1, 9, 6, 5, 4, ) = 26 []
                 (2, 2, 1, 2, 3, 2, 1, 1, ) = 66 [22, ]
                     (1, 1, 2, 3, 9, 6, ) = 22 []
             (1, 5, 4, 2, 5, 1, ) = 344 [112, 120, 205, ]
                 (2, 2, 2, 2, 1, 1, 2, ) = 112 [56, ]
                     (8, 4, 3, 8, 9, 9, 1, 6, 1, 4, 3, ) = 56 []
                 (3, 1, 1, 3, 3, 2, 1, 1, 2, ) = 120 [30, ]
                     (1, 4, 8, 5, 1, 7, 4, ) = 30 []
                 (1, 3, 1, 2, 3, 1, 1, 1, ) = 205 [41, ]
                     (2, 8, 7, 2, 9, 6, 1, 6, ) = 41 []
             (5, 1, 3, 4, ) = 394 [190, 48, 204, ]
                 (1, 1, 1, 1, 1, ) = 190 [38, ]
                     (5, 3, 7, 2, 1, 8, 1, 7, 4, ) = 38 []
                 (1, 3, 2, 3, 1, 3, 2, ) = 48 [24, ]
                     (6, 2, 1, 1, 2, 6, 5, 1, ) = 24 []
                 (1, 3, 1, 1, 2, 1, ) = 204 [51, ]
                     (8, 1, 7, 9, 5, 9, 9, 3, ) = 51 []
             (5, 2, 4, 2, 3, ) = 160 [175, 39, 82, ]
                 (1, 1, 2, 3, 1, 3, 1, 1, ) = 175 [35, ]
                     (8, 4, 5, 6, 7, 2, 1, 2, ) = 35 []
                 (2, 2, 2, 3, 2, 2, 2, 1, ) = 39 [39, ]
                     (8, 1, 5, 3, 4, 9, 7, 2, ) = 39 []
                 (2, 1, 1, 2, 2, 2, ) = 82 [41, ]
                     (5, 1, 5, 6, 1, 2, 3, 3, 4, 2, 9, ) = 41 []
             (3, 2, 4, 1, 2, 1, ) = 362 [57, 40, 168, ]
                 (3, 1, 3, 2, 2, 1, 1, 3, 3, ) = 57 [19, ]
                     (3, 4, 2, 2, 1, 7, ) = 19 []
                 (2, 2, 3, 1, 3, 3, ) = 40 [40, ]
                     (6, 1, 9, 3, 1, 2, 5, 2, 4, 7, ) = 40 []
                 (3, 1, 2, 2, 1, 1, 3, 2, 2, ) = 168 [56, ]
                     (5, 9, 1, 5, 7, 6, 8, 1, 7, 7, ) = 56 []
         (7, 1, 4, ) = 1062 [586, 478, 582, 476, 526, ]
             (3, 5, 4, 1, 2, 1, 2, ) = 586 [150, 108, 70, ]
                 (2, 3, 1, 1, 2, 1, ) = 150 [50, ]
                     (3, 5, 4, 7, 2, 5, 1, 5, 7, 2, 9, ) = 50 []
                 (2, 3, 3, 1, 1, 1, 2, ) = 108 [36, ]
                     (3, 2, 7, 1, 5, 6, 4, 1, 1, 6, ) = 36 []
                 (2, 3, 3, 2, 1, 3, 2, 1, ) = 70 [35, ]
                     (1, 1, 9, 2, 9, 5, 1, 5, 2, ) = 35 []
             (2, 4, 3, 3, 1, ) = 478 [62, 116, 150, ]
                 (2, 3, 1, 1, 2, 2, ) = 62 [31, ]
                     (5, 1, 6, 3, 8, 4, 4, ) = 31 []
                 (2, 1, 1, 2, 3, 3, 1, 3, 1, ) = 116 [29, ]
                     (8, 1, 9, 3, 3, 5, ) = 29 []
                 (3, 1, 1, 2, 2, 2, 1, 3, ) = 150 [50, ]
                     (1, 7, 9, 4, 1, 8, 6, 2, 9, 3, ) = 50 []
             (5, 1, 3, 3, 3, 4, ) = 582 [114, 46, 156, ]
                 (3, 3, 1, 1, 2, 3, 3, 2, ) = 114 [57, ]
                     (8, 5, 9, 4, 2, 7, 5, 2, 1, 9, 5, ) = 57 []
                 (3, 1, 2, 2, 2, 1, 3, ) = 46 [23, ]
                     (2, 1, 4, 2, 3, 2, 5, 1, 1, 2, ) = 23 []
                 (3, 2, 1, 3, 1, 1, 2, 3, ) = 156 [52, ]
                     (5, 6, 4, 7, 1, 9, 1, 5, 4, 2, 8, ) = 52 []
             (3, 1, 3, 3, 2, 3, 5, ) = 476 [40, 148, 72, ]
                 (3, 3, 1, 3, 3, 2, 2, ) = 40 [40, ]
                     (9, 5, 3, 9, 2, 6, 5, 1, ) = 40 []
                 (1, 1, 1, 2, 3, 2, 3, 1, ) = 148 [37, ]
                     (1, 2, 8, 1, 2, 2, 3, 2, 5, 3, 8, ) = 37 []
                 (3, 2, 1, 3, 1, 3, 1, 1, ) = 72 [18, ]
                     (3, 3, 2, 1, 2, 6, 1, ) = 18 []
             (2, 4, 3, 3, 3, 1, ) = 526 [82, 111, 111, ]
                 (1, 2, 3, 3, 2, 2, 1, 2, 2, ) = 82 [41, ]
                     (5, 5, 1, 6, 5, 5, 9, 2, 3, ) = 41 []
                 (2, 2, 3, 1, 1, 1, ) = 111 [37, ]
                     (1, 1, 9, 1, 3, 9, 1, 3, 9, ) = 37 []
                 (2, 1, 1, 3, 1, ) = 111 [37, ]
                     (1, 3, 2, 4, 1, 1, 6, 7, 5, 2, 5, ) = 37 []
         (2, 2, 5, ) = 1382 [550, 375, 448, 318, 632, ]
             (1, 5, 1, 5, 3, ) = 550 [200, 168, 150, ]
                 (1, 1, 1, 1, 2, 1, ) = 200 [40, ]
                     (1, 7, 5, 6, 5, 6, 4, 3, 1, 1, 1, ) = 40 []
                 (2, 1, 3, 1, 2, 1, ) = 168 [56, ]
                     (6, 7, 5, 9, 1, 5, 9, 4, 1, 4, 5, ) = 56 []
                 (2, 1, 1, 3, 2, 3, 1, ) = 150 [50, ]
                     (5, 4, 7, 1, 2, 1, 9, 7, 4, 7, 3, ) = 50 []
             (1, 4, 2, 2, 5, 2, ) = 375 [189, 62, 147, ]
                 (3, 1, 2, 2, 1, 2, 1, ) = 189 [63, ]
                     (9, 5, 7, 9, 1, 3, 8, 8, 6, 6, 1, ) = 63 []
                 (2, 1, 2, 2, 1, 3, 2, ) = 62 [31, ]
                     (2, 6, 1, 5, 8, 5, 4, ) = 31 []
                 (2, 1, 3, 3, 1, 1, 3, 2, 2, ) = 147 [49, ]
                     (6, 3, 5, 8, 1, 8, 1, 7, 1, 9, ) = 49 []
             (1, 5, 5, 3, 3, 2, ) = 448 [136, 96, 108, ]
                 (2, 1, 2, 3, 1, 2, 1, 3, 1, ) = 136 [34, ]
                     (6, 8, 1, 8, 3, 8, ) = 34 []
                 (3, 2, 1, 1, 1, ) = 96 [32, ]
                     (1, 6, 5, 1, 1, 1, 2, 5, 8, 2, ) = 32 []
                 (3, 1, 1, 1, 3, 2, ) = 108 [36, ]
                     (3, 6, 8, 6, 3, 5, 1, 4, ) = 36 []
             (3, 4, 5, 3, ) = 318 [92, 62, 159, ]
                 (1, 2, 1, 1, 2, 2, 2, 1, 3, ) = 92 [23, ]
                     (5, 4, 3, 6, 1, 4, ) = 23 []
                 (1, 2, 2, 1, 2, 2, ) = 62 [31, ]
                     (5, 1, 5, 2, 5, 6, 5, 2, ) = 31 []
                 (2, 1, 3, 2, 1, 1, ) = 159 [53, ]
                     (9, 8, 3, 9, 9, 1, 6, 1, 1, 1, 5, ) = 53 []
             (1, 5, 1, 3, 4, 1, ) = 632 [180, 106, 92, ]
                 (1, 3, 1, 3, 3, 1, 1, 1, 3, ) = 180 [36, ]
                     (1, 2, 4, 6, 9, 1, 6, 7, ) = 36 []
                 (1, 2, 1, 3, 2, ) = 106 [53, ]
                     (5, 5, 7, 7, 1, 7, 8, 5, 2, 6, ) = 53 []
                 (1, 1, 3, 2, 2, ) = 92 [46, ]
                     (2, 4, 8, 1, 9, 9, 7, 1, 4, 1, ) = 46 []
     (2, 3, ) = 2514 [1224, 1626, 888, 1524, 727, 712, ]
         (2, 5, 2, 1, 3, ) = 1224 [260, 300, 161, 542, 203, ]
             (4, 3, 5, 2, ) = 260 [140, 122, 138, ]
                 (2, 1, 2, 2, 1, 3, 1, 2, 1, ) = 140 [35, ]
                     (6, 7, 1, 1, 2, 9, 9, ) = 35 []
                 (2, 1, 2, 2, 1, 3, ) = 122 [61, ]
                     (9, 2, 1, 5, 1, 5, 6, 8, 8, 7, 9, ) = 61 []
                 (2, 3, 2, 1, 2, 3, 1, 1, ) = 138 [46, ]
                     (4, 1, 4, 6, 2, 6, 6, 1, 7, 3, 6, ) = 46 []
             (3, 3, 4, 4, ) = 300 [108, 225, 150, ]
                 (2, 3, 3, 1, 1, ) = 108 [54, ]
                     (7, 1, 1, 8, 4, 9, 7, 3, 8, 4, 2, ) = 54 []
                 (1, 3, 2, 1, 1, 3, 1, 1, ) = 225 [45, ]
                     (1, 8, 5, 8, 1, 9, 3, 9, 1, ) = 45 []
                 (3, 1, 2, 3, 2, 1, 2, 1, ) = 150 [50, ]
                     (6, 1, 1, 5, 6, 7, 5, 5, 7, 1, 6, ) = 50 []
             (3, 3, 4, 1, ) = 161 [75, 54, 43, ]
                 (3, 3, 2, 1, 2, 2, 2, 1, 1, ) = 75 [25, ]
                     (6, 3, 3, 1, 4, 7, 1, ) = 25 []
                 (3, 2, 3, 2, 1, 1, 3, ) = 54 [27, ]
                     (1, 3, 7, 1, 7, 8, ) = 27 []
                 (2, 1, 2, 3, 3, 2, ) = 43 [43, ]
                     (1, 4, 4, 1, 5, 4, 5, 1, 9, 9, ) = 43 []
             (1, 2, 4, 5, 3, 2, ) = 542 [144, 136, 126, ]
                 (3, 2, 1, 2, 1, 2, 3, 1, 2, ) = 144 [48, ]
                     (8, 7, 7, 9, 1, 1, 1, 5, 9, ) = 48 []
                 (2, 3, 2, 1, 1, 1, 3, 1, ) = 136 [34, ]
                     (6, 5, 6, 1, 7, 9, ) = 34 []
                 (1, 2, 1, 2, 1, ) = 126 [42, ]
                     (9, 4, 9, 7, 9, 1, 3, ) = 42 []
             (4, 1, 4, 5, 3, ) = 203 [58, 108, 145, ]
                 (1, 3, 2, 2, 3, 2, 1, 3, ) = 58 [29, ]
                     (1, 2, 6, 1, 6, 2, 8, 3, ) = 29 []
                 (1, 3, 1, 3, 1, 3, 1, ) = 108 [27, ]
                     (1, 7, 8, 1, 4, 4, 2, ) = 27 []
                 (1, 3, 1, 1, 2, 1, 3, 1, ) = 145 [29, ]
                     (1, 5, 8, 1, 4, 6, 4, ) = 29 []
         (3, 1, 5, ) = 1626 [216, 147, 510, 531, 900, ]
             (3, 5, 5, 2, 4, ) = 216 [42, 36, 180, ]
                 (1, 2, 3, 3, 2, 3, ) = 42 [42, ]
                     (1, 8, 5, 2, 4, 7, 1, 4, 7, 3, ) = 42 []
                 (2, 1, 1, 3, 2, 2, 3, ) = 36 [18, ]
                     (1, 2, 1, 8, 4, 2, ) = 18 []
                 (2, 3, 2, 2, 3, 1, 1, 1, 2, ) = 180 [60, ]
                     (1, 6, 8, 3, 7, 6, 9, 6, 9, 1, 4, ) = 60 []
             (2, 4, 1, 5, ) = 147 [78, 69, 43, ]
                 (1, 1, 2, 2, 2, 2, 3, 3, 1, ) = 78 [26, ]
                     (9, 2, 1, 5, 2, 7, ) = 26 []
                 (1, 3, 1, 2, 1, ) = 69 [23, ]
                     (4, 5, 4, 6, 1, 3, ) = 23 []
                 (3, 2, 3, 1, 3, 3, ) = 43 [43, ]
                     (8, 8, 9, 1, 2, 7, 8, ) = 43 []
             (4, 3, 4, 1, 3, 1, 3, ) = 510 [102, 56, 102, ]
                 (1, 1, 1, 2, 2, 3, 2, 2, ) = 102 [34, ]
                     (9, 1, 9, 3, 2, 1, 9, ) = 34 []
                 (3, 3, 2, 1, 2, 2, 1, 3, 3, ) = 56 [28, ]
                     (8, 4, 1, 9, 2, 4, ) = 28 []
                 (2, 2, 1, 2, 1, 1, ) = 102 [34, ]
                     (1, 6, 3, 7, 1, 7, 7, 2, ) = 34 []
             (2, 2, 4, 2, 1, 4, ) = 531 [126, 135, 64, ]
                 (1, 1, 2, 1, 2, ) = 126 [42, ]
                     (1, 7, 2, 8, 1, 2, 1, 9, 3, 6, 2, ) = 42 []
                 (1, 3, 2, 1, 1, 2, ) = 135 [45, ]
                     (1, 1, 4, 5, 3, 7, 8, 3, 9, 4, ) = 45 []
                 (2, 3, 1, 1, 2, ) = 64 [32, ]
                     (1, 7, 6, 5, 8, 1, 4, ) = 32 []
             (2, 2, 3, 3, 1, 1, ) = 900 [116, 196, 138, ]
                 (1, 1, 3, 2, 3, 2, 1, 3, 1, ) = 116 [29, ]
                     (2, 3, 8, 1, 7, 1, 7, ) = 29 []
                 (2, 2, 1, 2, 2, 1, 1, 1, ) = 196 [49, ]
                     (8, 8, 6, 2, 1, 6, 5, 7, 6, ) = 49 []
                 (2, 3, 1, 1, 2, 1, 3, 2, 3, ) = 138 [46, ]
                     (4, 7, 5, 1, 4, 4, 4, 8, 2, 5, 2, ) = 46 []
         (1, 2, 6, 5, 2, ) = 888 [296, 296, 545, 737, ]
             (5, 2, 4, 3, ) = 296 [200, 220, 76, ]
                 (1, 1, 1, 1, 2, 2, 2, 1, ) = 200 [40, ]
                     (1, 3, 9, 7, 5, 7, 1, 7, ) = 40 []
                 (2, 1, 3, 2, 3, 1, 1, 1, ) = 220 [55, ]
                     (8, 4, 5, 4, 3, 6, 9, 7, 3, 1, 5, ) = 55 []
                 (1, 3, 3, 3, 3, 1, ) = 76 [38, ]
                     (9, 1, 4, 1, 5, 9, 1, 8, ) = 38 []
             (2, 3, 5, 2, ) = 296 [93, 102, 92, ]
                 (1, 1, 2, 3, 1, ) = 93 [31, ]
                     (7, 2, 3, 8, 5, 1, 5, ) = 31 []
                 (1, 2, 1, 2, 1, 3, 2, ) = 102 [34, ]
                     (1, 3, 3, 9, 3, 1, 8, 1, 5, ) = 34 []
                 (3, 1, 3, 3, 2, 3, 1, ) = 92 [46, ]
                     (7, 4, 3, 3, 9, 1, 4, 8, 7, ) = 46 []
             (1, 5, 3, 5, 3, 3, 2, ) = 545 [68, 117, 120, ]
                 (1, 2, 2, 1, 1, 3, 1, ) = 68 [17, ]
                     (1, 1, 5, 4, 1, 5, ) = 17 []
                 (3, 1, 1, 2, 2, 2, 1, ) = 117 [39, ]
                     (9, 4, 7, 9, 7, 2, 1, ) = 39 []
                 (3, 3, 3, 3, 1, 1, 1, 2, 3, ) = 120 [40, ]
                     (5, 1, 5, 2, 7, 9, 8, 3, ) = 40 []
             (3, 1, 1, 5, 5, 3, 3, ) = 737 [112, 212, 171, ]
                 (1, 3, 1, 3, 3, 3, 1, 1, ) = 112 [28, ]
                     (8, 1, 4, 1, 6, 8, ) = 28 []
                 (3, 2, 1, 2, 2, 3, 1, 1, 1, ) = 212 [53, ]
                     (6, 5, 3, 3, 4, 1, 4, 2, 9, 8, 8, ) = 53 []
                 (3, 1, 1, 3, 1, ) = 171 [57, ]
                     (8, 1, 3, 9, 6, 6, 6, 6, 6, 5, 1, ) = 57 []
         (2, 5, 1, ) = 1524 [460, 384, 342, 476, 680, ]
             (2, 1, 1, 2, 3, ) = 460 [132, 54, 88, ]
                 (2, 2, 1, 3, 2, 3, 3, 1, 1, ) = 132 [44, ]
                     (2, 6, 5, 8, 8, 9, 2, 1, 3, ) = 44 []
                 (2, 3, 1, 3, 3, ) = 54 [54, ]
                     (6, 5, 8, 1, 5, 2, 6, 3, 9, 9, ) = 54 []
                 (1, 3, 3, 3, 2, 2, 1, ) = 88 [44, ]
                     (8, 4, 7, 2, 3, 1, 6, 2, 2, 9, ) = 44 []
             (3, 3, 5, 2, 2, 4, 5, ) = 384 [58, 52, 140, ]
                 (2, 1, 2, 1, 3, 2, 3, 2, 2, ) = 58 [29, ]
                     (2, 1, 2, 2, 9, 6, 7, ) = 29 []
                 (2, 1, 3, 3, 2, ) = 52 [52, ]
                     (6, 2, 9, 7, 5, 8, 1, 9, 2, 3, ) = 52 []
                 (1, 2, 2, 2, 1, 3, 2, 3, ) = 140 [70, ]
                     (7, 5, 9, 6, 8, 9, 7, 1, 9, 9, ) = 70 []
             (4, 5, 1, 1, 5, 4, 3, ) = 342 [132, 87, 78, ]
                 (2, 2, 3, 1, 1, 1, 3, ) = 132 [44, ]
                     (9, 1, 4, 5, 2, 2, 6, 2, 1, 8, 4, ) = 44 []
                 (1, 1, 1, 2, 2, ) = 87 [29, ]
                     (3, 8, 1, 7, 6, 4, ) = 29 []
                 (1, 1, 3, 1, 3, 3, 2, ) = 78 [26, ]
                     (1, 5, 6, 4, 8, 2, ) = 26 []
             (4, 1, 3, 1, ) = 476 [205, 124, 66, ]
                 (1, 2, 1, 1, 1, 2, 3, 3, 1, ) = 205 [41, ]
                     (7, 3, 2, 3, 9, 9, 2, 1, 4, 1, ) = 41 []
                 (1, 2, 2, 3, 2, 1, 1, 3, 1, ) = 124 [31, ]
                     (2, 1, 2, 4, 9, 4, 1, 1, 7, ) = 31 []
                 (2, 1, 2, 1, 3, ) = 66 [33, ]
                     (3, 6, 5, 5, 1, 4, 9, ) = 33 []
             (3, 3, 4, 3, 3, 5, 2, ) = 680 [84, 88, 148, ]
                 (1, 3, 3, 2, 1, 3, 1, ) = 84 [28, ]
                     (7, 9, 4, 1, 1, 6, ) = 28 []
                 (1, 3, 2, 1, 3, 2, 3, ) = 88 [44, ]
                     (9, 5, 4, 9, 6, 6, 1, 4, ) = 44 []
                 (2, 1, 1, 1, 1, 2, ) = 148 [37, ]
                     (8, 1, 1, 9, 3, 8, 7, ) = 37 []
         (2, 7, 1, ) = 727 [484, 243, 382, 277, 512, ]
             (1, 4, 2, 4, 1, 1, 4, ) = 484 [96, 196, 69, ]
                 (1, 3, 2, 1, 3, 2, 3, 2, 1, ) = 96 [32, ]
                     (9, 1, 6, 3, 9, 1, 3, ) = 32 []
                 (2, 2, 3, 3, 1, 1, 2, 1, 1, ) = 196 [49, ]
                     (8, 1, 9, 2, 7, 5, 6, 6, 5, ) = 49 []
                 (2, 3, 2, 2, 1, 1, 1, 2, 3, ) = 69 [23, ]
                     (4, 7, 4, 1, 1, 6, ) = 23 []
             (5, 3, 4, 5, 3, 3, 5, ) = 243 [212, 35, 81, ]
                 (2, 3, 1, 3, 1, 1, 1, ) = 212 [53, ]
                     (6, 8, 7, 1, 6, 5, 4, 1, 2, 6, 7, ) = 53 []
                 (3, 3, 3, 2, 3, 1, 2, 2, ) = 35 [35, ]
                     (5, 4, 4, 1, 9, 1, 5, 6, ) = 35 []
                 (1, 1, 2, 3, 3, 2, 2, 1, ) = 81 [27, ]
                     (1, 6, 5, 4, 1, 1, 4, 5, ) = 27 []
             (5, 5, 2, 2, 1, 1, ) = 382 [57, 134, 208, ]
                 (1, 3, 3, 3, 2, 1, 1, ) = 57 [19, ]
                     (1, 1, 8, 2, 3, 4, ) = 19 []
                 (3, 1, 3, 2, 2, 1, 3, 2, ) = 134 [67, ]
                     (9, 7, 2, 9, 4, 1, 9, 9, 8, 9, ) = 67 []
                 (1, 1, 1, 2, 1, 2, 3, 2, 2, ) = 208 [52, ]
                     (9, 4, 1, 8, 8, 8, 8, 6, ) = 52 []
             (5, 5, 1, 3, 5, ) = 277 [165, 162, 112, ]
                 (3, 3, 1, 3, 1, 1, 1, 1, 2, ) = 165 [33, ]
                     (1, 8, 9, 6, 5, 4, ) = 33 []
                 (3, 3, 1, 1, 3, 2, 1, ) = 162 [54, ]
                     (6, 8, 9, 1, 5, 8, 4, 7, 6, ) = 54 []
                 (3, 2, 1, 3, 3, 1, ) = 112 [56, ]
                     (9, 8, 9, 3, 8, 2, 3, 6, 5, 1, 2, ) = 56 []
             (5, 1, 4, 1, 5, 2, 1, ) = 512 [156, 44, 336, ]
                 (2, 1, 2, 3, 1, 1, ) = 156 [52, ]
                     (8, 5, 7, 8, 6, 1, 3, 4, 3, 1, 6, ) = 52 []
                 (3, 1, 2, 2, 2, 1, 2, 2, ) = 44 [22, ]
                     (3, 3, 6, 1, 2, 1, 6, ) = 22 []
                 (2, 1, 3, 2, 1, 1, 1, 1, 1, ) = 336 [56, ]
                     (8, 1, 1, 7, 1, 4, 4, 9, 7, 8, 6, ) = 56 []
         (3, 6, 4, ) = 712 [234, 766, 380, 332, ]
             (5, 5, 1, 5, 2, 2, ) = 234 [82, 76, 132, ]
                 (1, 1, 2, 2, 3, ) = 82 [41, ]
                     (6, 9, 4, 3, 9, 9, 1, ) = 41 []
                 (2, 1, 1, 1, 3, 1, 3, 2, ) = 76 [19, ]
                     (1, 1, 1, 8, 7, 1, ) = 19 []
                 (1, 1, 1, 2, 2, 1, ) = 132 [33, ]
                     (1, 4, 3, 8, 2, 6, 9, ) = 33 []
             (3, 4, 2, 3, 1, 1, ) = 766 [150, 162, 152, ]
                 (3, 2, 1, 2, 2, 1, 1, 3, ) = 150 [50, ]
                     (5, 2, 7, 1, 1, 8, 9, 5, 3, 2, 7, ) = 50 []
                 (2, 1, 2, 3, 1, 1, 2, 2, 3, ) = 162 [54, ]
                     (3, 5, 4, 7, 9, 3, 8, 6, 1, 8, ) = 54 []
                 (2, 2, 1, 1, 2, 3, 1, 1, 3, ) = 152 [38, ]
                     (9, 7, 8, 6, 1, 5, 1, 1, ) = 38 []
             (1, 4, 4, 3, 3, 5, ) = 380 [188, 84, 96, ]
                 (3, 1, 2, 1, 1, 2, 2, 1, 3, ) = 188 [47, ]
                     (8, 6, 5, 3, 2, 7, 1, 1, 7, 3, 4, ) = 47 []
                 (1, 3, 1, 1, 2, 3, ) = 84 [28, ]
                     (1, 5, 1, 1, 8, 6, 6, ) = 28 []
                 (2, 2, 3, 2, 1, 1, 3, 1, ) = 96 [32, ]
                     (1, 6, 3, 8, 4, 9, 1, ) = 32 []
             (5, 1, 1, 2, ) = 332 [88, 156, 112, ]
                 (1, 3, 1, 3, 3, ) = 88 [44, ]
                     (9, 3, 7, 4, 3, 9, 1, 8, ) = 44 []
                 (1, 1, 1, 1, 1, 2, 1, 2, ) = 156 [26, ]
                     (1, 8, 9, 1, 4, 3, ) = 26 []
                 (2, 1, 1, 1, 3, 1, 2, 3, ) = 112 [28, ]
                     (1, 3, 7, 6, 4, 7, ) = 28 []
     (4, 3, 6, ) = 5281 [685, 2281, 1951, 615, 1930, 2715, ]
         (3, 5, 4, ) = 685 [341, 514, 357, 328, ]
             (1, 2, 3, 5, 4, 5, ) = 341 [128, 141, 72, ]
                 (3, 3, 1, 1, 1, 1, 3, ) = 128 [32, ]
                     (7, 6, 7, 1, 1, 9, 1, ) = 32 []
                 (1, 2, 2, 2, 1, 1, ) = 141 [47, ]
                     (9, 4, 4, 5, 2, 2, 1, 8, 8, 3, 1, ) = 47 []
                 (2, 1, 1, 3, 3, 2, 2, 3, ) = 72 [36, ]
                     (8, 7, 1, 1, 7, 4, 2, 1, 1, 2, 2, ) = 36 []
             (4, 1, 3, 1, 2, ) = 514 [130, 184, 70, ]
                 (2, 2, 3, 3, 1, 1, ) = 130 [65, ]
                     (8, 8, 6, 9, 1, 3, 9, 8, 8, 3, 2, ) = 65 []
                 (1, 1, 2, 1, 2, 1, ) = 184 [46, ]
                     (6, 2, 6, 8, 1, 1, 7, 2, 4, 9, ) = 46 []
                 (1, 2, 2, 3, 2, 1, ) = 70 [35, ]
                     (1, 3, 7, 6, 1, 2, 3, 9, 2, 1, ) = 35 []
             (3, 3, 1, 3, 2, ) = 357 [93, 84, 60, ]
                 (3, 1, 1, 3, 1, 2, 2, 2, 2, ) = 93 [31, ]
                     (1, 5, 7, 5, 8, 1, 4, ) = 31 []
                 (3, 3, 2, 2, 1, 1, ) = 84 [42, ]
                     (1, 8, 8, 4, 4, 6, 5, 4, 2, ) = 42 []
                 (1, 3, 1, 1, 2, ) = 60 [20, ]
                     (1, 5, 3, 4, 1, 6, ) = 20 []
             (5, 4, 2, 2, 1, 3, 3, ) = 328 [46, 27, 114, ]
                 (3, 2, 1, 3, 1, ) = 46 [23, ]
                     (1, 5, 8, 4, 4, 1, ) = 23 []
                 (2, 3, 2, 3, 2, 1, ) = 27 [27, ]
                     (9, 8, 1, 6, 1, 2, ) = 27 []
                 (1, 3, 1, 1, 3, 2, ) = 114 [38, ]
                     (9, 4, 8, 1, 8, 7, 1, ) = 38 []
         (2, 1, 4, 3, 3, ) = 2281 [270, 280, 620, 491, ]
             (3, 3, 5, 3, ) = 270 [117, 135, 90, ]
                 (2, 3, 1, 1, 2, 1, 3, 3, ) = 117 [39, ]
                     (6, 9, 1, 1, 2, 4, 6, 8, 2, ) = 39 []
                 (3, 2, 3, 1, 2, 1, 1, ) = 135 [45, ]
                     (1, 3, 4, 8, 8, 6, 1, 5, 9, ) = 45 []
                 (3, 1, 1, 3, 1, ) = 90 [30, ]
                     (6, 4, 9, 1, 2, 2, 1, 5, ) = 30 []
             (3, 1, 4, 5, ) = 280 [88, 111, 192, ]
                 (2, 1, 1, 2, 2, ) = 88 [44, ]
                     (4, 5, 3, 9, 2, 2, 7, 1, 4, 7, ) = 44 []
                 (1, 2, 2, 1, 2, 1, ) = 111 [37, ]
                     (4, 3, 1, 7, 5, 1, 1, 6, 8, 1, ) = 37 []
                 (1, 1, 1, 1, 3, 1, 1, ) = 192 [32, ]
                     (7, 3, 2, 8, 3, 1, 6, 2, ) = 32 []
             (4, 5, 1, 3, 3, ) = 620 [228, 98, 196, ]
                 (3, 1, 2, 1, 1, 1, 1, 3, 1, ) = 228 [38, ]
                     (3, 1, 9, 1, 5, 7, 5, 3, 4, ) = 38 []
                 (2, 3, 3, 2, 2, 3, 1, 1, ) = 98 [49, ]
                     (1, 1, 8, 2, 3, 6, 9, 5, 6, 8, ) = 49 []
                 (2, 1, 1, 2, 1, 1, ) = 196 [49, ]
                     (1, 8, 5, 4, 5, 3, 3, 6, 6, 6, 2, ) = 49 []
             (3, 5, 2, 2, 5, 1, ) = 491 [117, 105, 164, ]
                 (2, 1, 1, 2, 2, 3, 2, 1, ) = 117 [39, ]
                     (7, 6, 5, 9, 3, 1, 4, 2, 2, ) = 39 []
                 (1, 1, 2, 3, 2, 1, ) = 105 [35, ]
                     (8, 9, 6, 9, 1, 2, ) = 35 []
                 (2, 1, 1, 2, 1, 1, 2, 3, ) = 164 [41, ]
                     (4, 1, 7, 4, 3, 7, 7, 8, ) = 41 []
         (4, 1, 3, 7, 5, ) = 1951 [658, 345, 609, 316, 368, ]
             (2, 5, 1, 2, 1, 3, 1, ) = 658 [94, 135, 106, ]
                 (3, 3, 3, 1, 1, ) = 94 [47, ]
                     (1, 6, 9, 2, 7, 7, 5, 1, 6, 3, ) = 47 []
                 (2, 3, 3, 2, 1, 1, 1, ) = 135 [45, ]
                     (3, 5, 5, 7, 2, 8, 9, 5, 1, ) = 45 []
                 (2, 2, 2, 1, 1, ) = 106 [53, ]
                     (3, 2, 6, 1, 5, 1, 9, 9, 9, 1, 7, ) = 53 []
             (1, 2, 3, 4, 2, 5, 4, ) = 345 [93, 105, 42, ]
                 (1, 2, 1, 2, 1, ) = 93 [31, ]
                     (1, 7, 2, 2, 1, 5, 8, 5, ) = 31 []
                 (1, 3, 1, 2, 3, 1, 3, 3, 2, ) = 105 [35, ]
                     (5, 5, 1, 3, 9, 9, 3, ) = 35 []
                 (2, 3, 1, 2, 3, 2, ) = 42 [42, ]
                     (7, 1, 5, 9, 1, 1, 9, 9, ) = 42 []
             (2, 3, 1, 4, 1, 5, ) = 609 [172, 117, 148, ]
                 (1, 2, 1, 1, 1, 3, 2, ) = 172 [43, ]
                     (2, 7, 9, 1, 3, 6, 5, 6, 4, ) = 43 []
                 (2, 1, 2, 1, 2, 1, ) = 117 [39, ]
                     (6, 2, 5, 5, 5, 6, 1, 2, 7, ) = 39 []
                 (3, 3, 2, 1, 1, 1, 1, ) = 148 [37, ]
                     (3, 6, 3, 4, 1, 5, 5, 6, 4, ) = 37 []
             (3, 5, 1, 3, 5, ) = 316 [164, 168, 76, ]
                 (2, 1, 1, 1, 1, 2, 3, 2, ) = 164 [41, ]
                     (1, 3, 8, 7, 8, 6, 2, 1, 5, ) = 41 []
                 (2, 3, 1, 1, 1, 2, 2, 1, ) = 168 [42, ]
                     (8, 6, 3, 1, 1, 7, 4, 4, 3, 4, 1, ) = 42 []
                 (3, 2, 3, 1, 2, 1, ) = 76 [38, ]
                     (1, 2, 3, 5, 6, 8, 8, 5, ) = 38 []
             (1, 1, 1, 3, 2, 5, ) = 368 [62, 102, 80, ]
                 (3, 2, 2, 2, 1, 2, 1, 3, ) = 62 [31, ]
                     (8, 1, 2, 1, 9, 4, 2, 4, ) = 31 []
                 (3, 1, 1, 1, 3, ) = 102 [34, ]
                     (7, 6, 5, 1, 9, 6, ) = 34 []
                 (1, 1, 1, 3, 3, 1, 1, ) = 80 [16, ]
                     (1, 2, 5, 5, 2, 1, ) = 16 []
         (5, 2, 3, ) = 615 [544, 155, 460, 452, ]
             (1, 3, 1, 1, 4, 2, 2, ) = 544 [88, 125, 30, ]
                 (2, 3, 3, 1, 1, 2, 3, 2, ) = 88 [44, ]
                     (6, 3, 7, 7, 4, 6, 6, 1, 4, ) = 44 []
                 (1, 3, 1, 2, 1, 3, 1, 1, ) = 125 [25, ]
                     (1, 6, 1, 3, 7, 7, ) = 25 []
                 (3, 2, 2, 2, 1, 3, ) = 30 [30, ]
                     (3, 9, 5, 1, 9, 3, ) = 30 []
             (4, 3, 1, 4, ) = 155 [68, 58, 87, ]
                 (3, 2, 1, 2, 1, ) = 68 [34, ]
                     (7, 8, 4, 8, 6, 1, ) = 34 []
                 (1, 2, 1, 2, 3, ) = 58 [29, ]
                     (6, 7, 8, 1, 1, 6, ) = 29 []
                 (2, 1, 1, 3, 2, 1, ) = 87 [29, ]
                     (6, 7, 6, 4, 2, 3, 1, ) = 29 []
             (2, 4, 4, 2, 1, 4, ) = 460 [68, 196, 196, ]
                 (1, 3, 1, 3, 2, 2, 3, ) = 68 [34, ]
                     (5, 8, 1, 7, 5, 7, 1, ) = 34 []
                 (1, 2, 2, 1, 1, 2, 1, ) = 196 [49, ]
                     (1, 4, 2, 9, 5, 9, 6, 7, 6, ) = 49 []
                 (1, 2, 2, 1, 3, 2, 2, 1, 1, ) = 196 [49, ]
                     (1, 7, 7, 4, 5, 8, 8, 5, 3, 1, ) = 49 []
             (1, 2, 5, 5, 1, ) = 452 [160, 132, 245, ]
                 (3, 2, 3, 3, 1, 1, 1, 1, 1, ) = 160 [32, ]
                     (3, 4, 1, 9, 1, 1, 1, 6, 6, ) = 32 []
                 (1, 1, 3, 3, 1, 3, 2, 1, 2, ) = 132 [33, ]
                     (6, 9, 4, 8, 5, 1, ) = 33 []
                 (3, 3, 3, 1, 1, 3, 1, 1, 1, ) = 245 [49, ]
                     (9, 1, 4, 9, 5, 7, 2, 3, 7, 2, ) = 49 []
         (5, 1, 5, 2, 7, ) = 1930 [300, 320, 389, 450, 655, ]
             (1, 3, 4, 4, 1, 1, ) = 300 [60, 136, 120, ]
                 (1, 2, 2, 3, 1, 3, 1, ) = 60 [20, ]
                     (6, 2, 2, 2, 7, 1, ) = 20 []
                 (3, 1, 1, 1, 2, 2, 1, ) = 136 [34, ]
                     (1, 3, 1, 7, 4, 6, 6, 6, ) = 34 []
                 (1, 1, 2, 1, 1, ) = 120 [30, ]
                     (1, 8, 1, 9, 2, 5, 4, ) = 30 []
             (1, 2, 5, 1, 1, 1, 5, ) = 320 [42, 152, 100, ]
                 (2, 3, 3, 1, 3, 2, 3, 3, 2, ) = 42 [42, ]
                     (8, 4, 5, 4, 3, 7, 6, 1, 4, ) = 42 []
                 (1, 1, 2, 3, 1, 1, 3, ) = 152 [38, ]
                     (1, 6, 3, 4, 1, 5, 3, 7, 6, 2, ) = 38 []
                 (1, 1, 3, 1, 3, 1, 3, ) = 100 [25, ]
                     (1, 5, 3, 1, 4, 2, 5, 4, ) = 25 []
             (3, 1, 2, 5, ) = 389 [84, 80, 225, ]
                 (2, 3, 1, 3, 2, 3, 2, 3, 1, ) = 84 [42, ]
                     (1, 6, 7, 1, 1, 6, 5, 4, 5, 4, 2, ) = 42 []
                 (1, 2, 2, 2, 1, ) = 80 [40, ]
                     (1, 9, 2, 4, 7, 9, 3, 2, 3, ) = 40 []
                 (1, 2, 1, 1, 1, 1, ) = 225 [45, ]
                     (1, 1, 5, 3, 5, 5, 1, 9, 7, 2, 6, ) = 45 []
             (5, 3, 3, 4, 2, ) = 450 [58, 34, 208, ]
                 (1, 2, 3, 3, 1, 3, 2, ) = 58 [29, ]
                     (1, 1, 7, 9, 2, 7, 2, ) = 29 []
                 (3, 3, 3, 2, 1, 2, 2, 2, 2, ) = 34 [34, ]
                     (3, 8, 1, 7, 8, 3, 4, ) = 34 []
                 (1, 3, 1, 2, 1, 3, 2, 1, 3, ) = 208 [52, ]
                     (9, 9, 1, 2, 8, 1, 1, 6, 3, 8, 4, ) = 52 []
             (2, 1, 2, 5, 1, 3, ) = 655 [56, 216, 111, ]
                 (3, 3, 3, 2, 2, 3, 2, 1, ) = 56 [56, ]
                     (1, 8, 6, 7, 4, 9, 4, 2, 7, 8, ) = 56 []
                 (1, 1, 3, 1, 3, 1, ) = 216 [54, ]
                     (1, 1, 6, 7, 8, 7, 7, 2, 3, 6, 6, ) = 54 []
                 (1, 1, 3, 2, 3, 1, 2, 3, ) = 111 [37, ]
                     (2, 1, 9, 4, 1, 3, 8, 3, 2, 4, ) = 37 []
         (3, 2, 4, 3, ) = 2715 [303, 825, 490, 910, ]
             (5, 3, 1, 1, 5, ) = 303 [114, 46, 75, ]
                 (3, 1, 2, 1, 2, 1, ) = 114 [38, ]
                     (1, 2, 9, 8, 2, 1, 9, 3, 3, ) = 38 []
                 (2, 2, 3, 1, 1, 3, 3, ) = 46 [23, ]
                     (2, 1, 1, 2, 5, 7, 5, ) = 23 []
                 (1, 2, 1, 1, 3, 3, 2, ) = 75 [25, ]
                     (6, 7, 5, 2, 1, 4, ) = 25 []
             (1, 4, 1, 1, 1, 1, ) = 825 [165, 104, 135, ]
                 (2, 2, 1, 2, 2, 1, 1, 2, 2, ) = 165 [55, ]
                     (2, 1, 9, 8, 9, 5, 5, 9, 7, ) = 55 []
                 (2, 3, 3, 2, 2, 1, 2, 1, ) = 104 [52, ]
                     (9, 5, 4, 1, 6, 6, 9, 4, 7, 1, ) = 52 []
                 (1, 2, 3, 3, 1, 1, 1, 2, 1, ) = 135 [27, ]
                     (7, 5, 3, 1, 4, 7, ) = 27 []
             (2, 1, 2, 5, 4, 1, 2, ) = 490 [152, 62, 102, ]
                 (3, 1, 3, 2, 1, 1, 1, ) = 152 [38, ]
                     (3, 4, 3, 5, 8, 1, 7, 7, ) = 38 []
                 (1, 3, 2, 3, 3, 3, 1, 3, ) = 62 [31, ]
                     (8, 8, 1, 4, 6, 4, ) = 31 []
                 (1, 2, 2, 3, 1, 2, 2, 2, 3, ) = 102 [51, ]
                     (6, 8, 8, 2, 3, 1, 7, 4, 3, 1, 8, ) = 51 []
             (2, 1, 3, 1, 2, ) = 910 [141, 216, 196, ]
                 (1, 3, 1, 3, 1, ) = 141 [47, ]
                     (2, 1, 4, 5, 7, 7, 5, 9, 3, 1, 3, ) = 47 []
                 (1, 2, 1, 3, 1, 1, 3, 2, ) = 216 [54, ]
                     (9, 5, 9, 7, 5, 7, 5, 6, 1, ) = 54 []
                 (2, 2, 1, 1, 3, 1, 1, 3, ) = 196 [49, ]
                     (1, 5, 9, 1, 6, 9, 7, 5, 6, ) = 49 []
     (6, 1, ) = 2776 [1620, 1536, 1211, 1468, 1850, 1156, ]
         (4, 6, 1, ) = 1620 [1053, 357, 504, 567, 330, ]
             (3, 4, 3, 1, 3, 2, ) = 1053 [168, 60, 275, ]
                 (3, 1, 1, 3, 2, 3, 1, ) = 168 [56, ]
                     (9, 8, 8, 9, 1, 6, 8, 7, ) = 56 []
                 (1, 2, 1, 2, 3, 3, ) = 60 [30, ]
                     (8, 8, 3, 6, 4, 1, ) = 30 []
                 (1, 1, 1, 1, 1, 3, ) = 275 [55, ]
                     (1, 9, 6, 2, 5, 9, 7, 4, 3, 9, ) = 55 []
             (1, 1, 3, 1, 2, 5, 2, ) = 357 [28, 48, 177, ]
                 (3, 3, 1, 2, 3, 3, ) = 28 [28, ]
                     (6, 2, 1, 3, 4, 8, 4, ) = 28 []
                 (2, 1, 1, 3, 2, 2, 2, 2, 2, ) = 48 [24, ]
                     (1, 3, 9, 1, 1, 9, ) = 24 []
                 (2, 1, 3, 1, 1, 2, 3, ) = 177 [59, ]
                     (4, 4, 5, 5, 9, 1, 9, 9, 4, 9, ) = 59 []
             (2, 2, 5, 2, ) = 504 [120, 168, 104, ]
                 (1, 3, 1, 3, 1, 3, 1, ) = 120 [30, ]
                     (2, 5, 1, 1, 9, 9, 3, ) = 30 []
                 (3, 1, 1, 3, 1, 1, 1, 1, ) = 168 [28, ]
                     (1, 4, 3, 8, 7, 3, 1, 1, ) = 28 []
                 (1, 3, 1, 3, 1, 1, 2, ) = 104 [26, ]
                     (2, 3, 4, 2, 1, 5, 1, 8, ) = 26 []
             (3, 4, 3, 2, 5, 3, ) = 567 [76, 180, 129, ]
                 (2, 1, 2, 1, 2, 2, 3, ) = 76 [38, ]
                     (6, 7, 8, 1, 6, 7, 3, ) = 38 []
                 (1, 2, 1, 2, 1, 1, ) = 180 [45, ]
                     (7, 8, 4, 5, 3, 6, 1, 2, 5, 1, 3, ) = 45 []
                 (1, 2, 3, 1, 1, 3, 3, 2, ) = 129 [43, ]
                     (7, 8, 9, 6, 3, 8, 1, 1, ) = 43 []
             (4, 1, 2, 2, 5, ) = 330 [126, 102, 31, ]
                 (1, 2, 2, 2, 1, 2, 2, 1, ) = 126 [42, ]
                     (1, 1, 6, 8, 6, 1, 9, 2, 8, ) = 42 []
                 (2, 3, 1, 2, 1, 1, ) = 102 [34, ]
                     (4, 9, 1, 9, 2, 4, 2, 3, ) = 34 []
                 (2, 1, 3, 3, 3, 2, ) = 31 [31, ]
                     (3, 6, 2, 1, 2, 3, 4, 9, 1, ) = 31 []
         (2, 1, 3, ) = 1536 [808, 408, 320, 598, ]
             (2, 5, 1, 3, 3, 1, 3, ) = 808 [176, 204, 84, ]
                 (1, 1, 1, 3, 2, 3, 1, ) = 176 [44, ]
                     (2, 5, 1, 3, 4, 6, 4, 6, 7, 5, 1, ) = 44 []
                 (3, 3, 2, 1, 3, 1, 1, 1, ) = 204 [51, ]
                     (2, 1, 5, 4, 8, 7, 9, 8, 7, ) = 51 []
                 (2, 2, 3, 1, 3, 1, 2, 1, ) = 84 [28, ]
                     (8, 1, 2, 2, 1, 7, 2, 5, ) = 28 []
             (1, 5, 4, 1, 1, 1, ) = 408 [102, 50, 164, ]
                 (1, 1, 3, 3, 1, 2, ) = 102 [34, ]
                     (8, 8, 9, 2, 3, 1, 1, 1, 1, ) = 34 []
                 (3, 3, 1, 1, 2, ) = 50 [25, ]
                     (1, 7, 1, 2, 5, 3, 5, 1, ) = 25 []
                 (3, 1, 3, 1, 1, 1, 3, 2, 3, ) = 164 [41, ]
                     (2, 9, 1, 3, 2, 3, 8, 5, 7, 1, ) = 41 []
             (1, 3, 1, 3, ) = 320 [74, 192, 86, ]
                 (2, 1, 3, 2, 1, 2, ) = 74 [37, ]
                     (4, 9, 6, 6, 1, 5, 1, 1, 4, ) = 37 []
                 (1, 1, 1, 3, 1, ) = 192 [48, ]
                     (7, 1, 6, 8, 8, 8, 4, 6, ) = 48 []
                 (3, 2, 1, 1, 2, ) = 86 [43, ]
                     (7, 4, 7, 1, 4, 6, 3, 1, 4, 4, 2, ) = 43 []
             (2, 2, 3, 5, ) = 598 [128, 245, 108, ]
                 (1, 1, 1, 2, 1, 2, ) = 128 [32, ]
                     (3, 9, 1, 3, 9, 7, ) = 32 []
                 (1, 3, 1, 3, 1, 1, 1, 2, ) = 245 [49, ]
                     (9, 5, 7, 1, 7, 1, 1, 9, 9, ) = 49 []
                 (1, 3, 2, 1, 2, 1, ) = 108 [36, ]
                     (1, 2, 4, 1, 2, 2, 5, 6, 4, 9, ) = 36 []
         (1, 3, 4, 4, ) = 1211 [159, 608, 288, 382, ]
             (5, 1, 1, 2, 4, ) = 159 [68, 23, 126, ]
                 (1, 3, 2, 1, 3, 3, ) = 68 [34, ]
                     (1, 1, 2, 9, 8, 2, 3, 4, 3, 1, ) = 34 []
                 (2, 1, 3, 2, 3, 2, 3, 2, ) = 23 [23, ]
                     (3, 5, 7, 6, 1, 1, ) = 23 []
                 (1, 1, 2, 1, 3, 3, ) = 126 [42, ]
                     (5, 6, 1, 2, 4, 1, 8, 6, 1, 8, ) = 42 []
             (1, 3, 1, 3, ) = 608 [184, 128, 120, ]
                 (1, 2, 2, 1, 1, 3, 2, 3, 1, ) = 184 [46, ]
                     (3, 8, 3, 8, 1, 5, 9, 8, 1, ) = 46 []
                 (2, 3, 1, 1, 1, 1, 3, 3, ) = 128 [32, ]
                     (9, 5, 7, 1, 2, 1, 4, 3, ) = 32 []
                 (3, 3, 2, 1, 3, 3, 1, 1, ) = 120 [40, ]
                     (5, 2, 3, 2, 7, 7, 1, 5, 8, ) = 40 []
             (1, 4, 5, 1, ) = 288 [144, 78, 30, ]
                 (3, 1, 1, 1, 3, ) = 144 [48, ]
                     (5, 1, 2, 9, 6, 8, 8, 9, ) = 48 []
                 (3, 3, 3, 3, 2, 1, 1, 2, 3, ) = 78 [39, ]
                     (3, 2, 3, 8, 4, 9, 6, 2, 1, 1, ) = 39 []
                 (3, 1, 3, 2, 3, 3, ) = 30 [30, ]
                     (6, 2, 2, 5, 6, 8, 1, ) = 30 []
             (1, 3, 3, 4, 4, ) = 382 [42, 152, 170, ]
                 (1, 2, 3, 2, 2, 3, 1, ) = 42 [21, ]
                     (1, 3, 6, 9, 1, 1, ) = 21 []
                 (2, 2, 3, 1, 2, 2, 1, 1, 1, ) = 152 [38, ]
                     (4, 6, 1, 1, 8, 1, 5, 3, 6, 3, ) = 38 []
                 (2, 2, 1, 1, 1, 1, 3, 3, 1, ) = 170 [34, ]
                     (6, 9, 6, 9, 2, 1, 1, ) = 34 []
         (4, 1, 3, ) = 1468 [618, 472, 322, 528, ]
             (3, 1, 4, 3, 4, 3, 2, ) = 618 [86, 208, 108, ]
                 (3, 2, 1, 1, 3, 3, 3, 2, ) = 86 [43, ]
                     (6, 1, 7, 3, 2, 9, 8, 2, 5, ) = 43 []
                 (3, 1, 3, 1, 3, 1, 1, 2, ) = 208 [52, ]
                     (8, 4, 1, 8, 3, 3, 8, 7, 3, 7, ) = 52 []
                 (1, 1, 3, 3, 1, 2, 3, 3, 3, ) = 108 [36, ]
                     (5, 1, 2, 1, 3, 4, 6, 7, 2, 3, 2, ) = 36 []
             (4, 3, 4, 4, 2, 1, ) = 472 [160, 180, 132, ]
                 (2, 1, 3, 1, 1, 1, 3, 2, 2, ) = 160 [40, ]
                     (6, 4, 4, 1, 2, 9, 3, 1, 4, 5, 1, ) = 40 []
                 (2, 2, 1, 2, 1, 1, 3, ) = 180 [60, ]
                     (7, 8, 7, 3, 1, 3, 9, 9, 7, 3, 3, ) = 60 []
                 (2, 1, 1, 2, 1, 2, 1, 1, 1, ) = 132 [22, ]
                     (4, 1, 1, 1, 3, 8, 2, 2, ) = 22 []
             (3, 2, 4, 2, ) = 322 [174, 62, 198, ]
                 (1, 1, 2, 1, 1, 1, 1, 2, ) = 174 [29, ]
                     (9, 2, 2, 1, 1, 6, 8, ) = 29 []
                 (2, 1, 3, 3, 2, 1, 2, ) = 62 [31, ]
                     (9, 3, 8, 3, 1, 7, ) = 31 []
                 (2, 3, 1, 3, 3, 3, 1, 2, 1, ) = 198 [66, ]
                     (6, 9, 2, 1, 9, 8, 8, 3, 8, 8, 4, ) = 66 []
             (2, 2, 2, 2, ) = 528 [144, 132, 32, ]
                 (1, 3, 2, 3, 2, 1, 1, 3, ) = 144 [48, ]
                     (1, 1, 8, 7, 1, 7, 9, 5, 9, ) = 48 []
                 (1, 1, 1, 2, 2, 3, ) = 132 [44, ]
                     (5, 6, 5, 3, 6, 9, 1, 9, ) = 44 []
                 (2, 3, 1, 2, 2, ) = 32 [32, ]
                     (2, 4, 5, 1, 4, 7, 6, 1, 2, ) = 32 []
         (1, 4, 6, 3, 5, ) = 1850 [325, 876, 460, 522, 543, ]
             (2, 1, 4, 5, 2, ) = 325 [141, 92, 66, ]
                 (1, 2, 1, 2, 1, ) = 141 [47, ]
                     (5, 1, 5, 5, 8, 9, 3, 1, 2, 8, ) = 47 []
                 (2, 1, 3, 1, 2, ) = 92 [46, ]
                     (3, 1, 8, 6, 3, 3, 5, 3, 7, 7, ) = 46 []
                 (3, 2, 1, 3, 2, 3, 1, 1, ) = 66 [22, ]
                     (2, 1, 1, 8, 4, 6, ) = 22 []
             (4, 2, 2, 1, 1, 1, ) = 876 [208, 126, 232, ]
                 (3, 1, 1, 2, 1, 1, ) = 208 [52, ]
                     (8, 5, 3, 3, 1, 8, 2, 4, 8, 9, 1, ) = 52 []
                 (3, 1, 2, 1, 3, 1, 3, ) = 126 [42, ]
                     (1, 7, 5, 1, 5, 6, 9, 8, ) = 42 []
                 (1, 1, 2, 1, 1, ) = 232 [58, ]
                     (6, 9, 8, 3, 1, 8, 8, 9, 1, 4, 1, ) = 58 []
             (2, 2, 1, 1, ) = 460 [148, 82, 150, ]
                 (2, 1, 1, 2, 1, 1, 2, ) = 148 [37, ]
                     (3, 3, 1, 7, 7, 4, 5, 7, ) = 37 []
                 (1, 2, 3, 1, 2, 3, 3, 2, ) = 82 [41, ]
                     (4, 9, 1, 9, 5, 1, 1, 3, 8, ) = 41 []
                 (1, 2, 3, 1, 1, 3, 1, 1, 3, ) = 150 [30, ]
                     (9, 2, 2, 1, 9, 7, ) = 30 []
             (1, 3, 2, 3, 5, 4, ) = 522 [48, 282, 96, ]
                 (3, 1, 3, 2, 3, 2, 3, 2, 2, ) = 48 [48, ]
                     (3, 6, 8, 3, 8, 1, 4, 5, 6, 4, ) = 48 []
                 (3, 1, 1, 1, 1, 2, 1, 3, 1, ) = 282 [47, ]
                     (2, 1, 9, 1, 6, 1, 2, 6, 7, 8, 4, ) = 47 []
                 (3, 2, 3, 1, 2, 1, ) = 96 [48, ]
                     (1, 4, 6, 3, 7, 9, 5, 1, 1, 2, 9, ) = 48 []
             (2, 3, 1, 2, 4, ) = 543 [230, 86, 141, ]
                 (1, 1, 2, 1, 3, 1, 1, ) = 230 [46, ]
                     (1, 8, 8, 3, 7, 2, 8, 8, 1, ) = 46 []
                 (2, 3, 1, 3, 3, 2, 3, 1, ) = 86 [43, ]
                     (9, 1, 9, 8, 4, 4, 8, ) = 43 []
                 (2, 2, 2, 1, 1, 2, 2, 1, ) = 141 [47, ]
                     (5, 8, 2, 4, 1, 9, 5, 3, 7, 3, ) = 47 []
         (4, 1, 3, ) = 1156 [448, 772, 432, 276, 588, ]
             (2, 3, 3, 4, 1, ) = 448 [140, 176, 66, ]
                 (2, 1, 1, 3, 1, 3, 1, 2, 1, ) = 140 [28, ]
                     (9, 3, 5, 4, 1, 6, ) = 28 []
                 (2, 1, 2, 2, 1, 1, 1, ) = 176 [44, ]
                     (9, 7, 8, 1, 4, 2, 3, 6, 4, ) = 44 []
                 (1, 2, 1, 3, 1, ) = 66 [22, ]
                     (1, 1, 7, 2, 1, 1, 2, 5, 2, ) = 22 []
             (4, 1, 1, 1, 5, 4, 3, ) = 772 [208, 114, 148, ]
                 (1, 1, 1, 1, 2, 2, 2, 2, ) = 208 [52, ]
                     (5, 6, 6, 7, 6, 7, 1, 2, 9, 3, ) = 52 []
                 (1, 2, 1, 2, 3, 3, ) = 114 [57, ]
                     (7, 7, 1, 6, 7, 3, 1, 9, 8, 8, ) = 57 []
                 (1, 1, 3, 1, 2, 1, 2, 2, ) = 148 [37, ]
                     (5, 1, 9, 7, 4, 2, 5, 4, ) = 37 []
             (1, 5, 2, 4, 1, 5, 3, ) = 432 [56, 164, 156, ]
                 (1, 2, 2, 2, 2, 2, ) = 56 [56, ]
                     (6, 9, 1, 3, 6, 6, 5, 5, 1, 5, 9, ) = 56 []
                 (1, 1, 1, 1, 2, 2, ) = 164 [41, ]
                     (1, 3, 7, 1, 4, 8, 8, 9, ) = 41 []
                 (2, 1, 3, 3, 1, 3, 1, ) = 156 [52, ]
                     (4, 5, 8, 4, 7, 5, 8, 5, 4, 1, 1, ) = 52 []
             (4, 5, 1, 2, 1, ) = 276 [108, 60, 78, ]
                 (1, 3, 3, 1, 1, ) = 108 [36, ]
                     (4, 4, 8, 3, 4, 5, 1, 7, ) = 36 []
                 (2, 3, 1, 2, 3, 3, ) = 60 [60, ]
                     (6, 3, 9, 6, 8, 5, 5, 8, 9, 1, ) = 60 []
                 (1, 2, 1, 3, 3, 2, 2, ) = 78 [39, ]
                     (3, 1, 4, 6, 1, 3, 1, 6, 4, 4, 6, ) = 39 []
             (1, 2, 3, 3, 4, 5, ) = 588 [117, 159, 156, ]
                 (2, 1, 2, 1, 1, ) = 117 [39, ]
                     (8, 1, 6, 7, 6, 1, 1, 6, 1, 1, 1, ) = 39 []
                 (1, 2, 2, 1, 2, 1, 2, 3, ) = 159 [53, ]
                     (8, 1, 5, 8, 8, 5, 2, 5, 9, 2, ) = 53 []
                 (1, 2, 2, 2, 1, 1, 2, 1, ) = 156 [39, ]
                     (1, 6, 5, 2, 4, 3, 5, 9, 4, ) = 39 []
